"forecast_date","target","target_end_date","location","type","quantile","value"
"2022-01-31","1 wk ahead inc flu hosp","2022-02-05","US","quantile",0.01,354
"2022-01-31","1 wk ahead inc flu hosp","2022-02-05","US","quantile",0.025,443
"2022-01-31","1 wk ahead inc flu hosp","2022-02-05","US","quantile",0.05,521
"2022-01-31","1 wk ahead inc flu hosp","2022-02-05","US","quantile",0.1,611
"2022-01-31","1 wk ahead inc flu hosp","2022-02-05","US","quantile",0.15,673
"2022-01-31","1 wk ahead inc flu hosp","2022-02-05","US","quantile",0.2,721
"2022-01-31","1 wk ahead inc flu hosp","2022-02-05","US","quantile",0.25,763
"2022-01-31","1 wk ahead inc flu hosp","2022-02-05","US","quantile",0.3,801
"2022-01-31","1 wk ahead inc flu hosp","2022-02-05","US","quantile",0.35,836
"2022-01-31","1 wk ahead inc flu hosp","2022-02-05","US","quantile",0.4,868
"2022-01-31","1 wk ahead inc flu hosp","2022-02-05","US","quantile",0.45,901
"2022-01-31","1 wk ahead inc flu hosp","2022-02-05","US","quantile",0.5,932
"2022-01-31","1 wk ahead inc flu hosp","2022-02-05","US","quantile",0.55,963
"2022-01-31","1 wk ahead inc flu hosp","2022-02-05","US","quantile",0.6,995
"2022-01-31","1 wk ahead inc flu hosp","2022-02-05","US","quantile",0.65,1028
"2022-01-31","1 wk ahead inc flu hosp","2022-02-05","US","quantile",0.7,1063
"2022-01-31","1 wk ahead inc flu hosp","2022-02-05","US","quantile",0.75,1100
"2022-01-31","1 wk ahead inc flu hosp","2022-02-05","US","quantile",0.8,1142
"2022-01-31","1 wk ahead inc flu hosp","2022-02-05","US","quantile",0.85,1191
"2022-01-31","1 wk ahead inc flu hosp","2022-02-05","US","quantile",0.9,1251
"2022-01-31","1 wk ahead inc flu hosp","2022-02-05","US","quantile",0.95,1342
"2022-01-31","1 wk ahead inc flu hosp","2022-02-05","US","quantile",0.975,1420
"2022-01-31","1 wk ahead inc flu hosp","2022-02-05","US","quantile",0.99,1511
"2022-01-31","2 wk ahead inc flu hosp","2022-02-12","US","quantile",0.01,66
"2022-01-31","2 wk ahead inc flu hosp","2022-02-12","US","quantile",0.025,170
"2022-01-31","2 wk ahead inc flu hosp","2022-02-12","US","quantile",0.05,291
"2022-01-31","2 wk ahead inc flu hosp","2022-02-12","US","quantile",0.1,429
"2022-01-31","2 wk ahead inc flu hosp","2022-02-12","US","quantile",0.15,524
"2022-01-31","2 wk ahead inc flu hosp","2022-02-12","US","quantile",0.2,602
"2022-01-31","2 wk ahead inc flu hosp","2022-02-12","US","quantile",0.25,667
"2022-01-31","2 wk ahead inc flu hosp","2022-02-12","US","quantile",0.3,725
"2022-01-31","2 wk ahead inc flu hosp","2022-02-12","US","quantile",0.35,779
"2022-01-31","2 wk ahead inc flu hosp","2022-02-12","US","quantile",0.4,830
"2022-01-31","2 wk ahead inc flu hosp","2022-02-12","US","quantile",0.45,882
"2022-01-31","2 wk ahead inc flu hosp","2022-02-12","US","quantile",0.5,933
"2022-01-31","2 wk ahead inc flu hosp","2022-02-12","US","quantile",0.55,981
"2022-01-31","2 wk ahead inc flu hosp","2022-02-12","US","quantile",0.6,1030
"2022-01-31","2 wk ahead inc flu hosp","2022-02-12","US","quantile",0.65,1082
"2022-01-31","2 wk ahead inc flu hosp","2022-02-12","US","quantile",0.7,1137
"2022-01-31","2 wk ahead inc flu hosp","2022-02-12","US","quantile",0.75,1195
"2022-01-31","2 wk ahead inc flu hosp","2022-02-12","US","quantile",0.8,1260
"2022-01-31","2 wk ahead inc flu hosp","2022-02-12","US","quantile",0.85,1336
"2022-01-31","2 wk ahead inc flu hosp","2022-02-12","US","quantile",0.9,1431
"2022-01-31","2 wk ahead inc flu hosp","2022-02-12","US","quantile",0.95,1570
"2022-01-31","2 wk ahead inc flu hosp","2022-02-12","US","quantile",0.975,1693
"2022-01-31","2 wk ahead inc flu hosp","2022-02-12","US","quantile",0.99,1833
"2022-01-31","3 wk ahead inc flu hosp","2022-02-19","US","quantile",0.01,0
"2022-01-31","3 wk ahead inc flu hosp","2022-02-19","US","quantile",0.025,33
"2022-01-31","3 wk ahead inc flu hosp","2022-02-19","US","quantile",0.05,131
"2022-01-31","3 wk ahead inc flu hosp","2022-02-19","US","quantile",0.1,299
"2022-01-31","3 wk ahead inc flu hosp","2022-02-19","US","quantile",0.15,420
"2022-01-31","3 wk ahead inc flu hosp","2022-02-19","US","quantile",0.2,518
"2022-01-31","3 wk ahead inc flu hosp","2022-02-19","US","quantile",0.25,599
"2022-01-31","3 wk ahead inc flu hosp","2022-02-19","US","quantile",0.3,672
"2022-01-31","3 wk ahead inc flu hosp","2022-02-19","US","quantile",0.35,740
"2022-01-31","3 wk ahead inc flu hosp","2022-02-19","US","quantile",0.4,807
"2022-01-31","3 wk ahead inc flu hosp","2022-02-19","US","quantile",0.45,870
"2022-01-31","3 wk ahead inc flu hosp","2022-02-19","US","quantile",0.5,931
"2022-01-31","3 wk ahead inc flu hosp","2022-02-19","US","quantile",0.55,994
"2022-01-31","3 wk ahead inc flu hosp","2022-02-19","US","quantile",0.6,1055
"2022-01-31","3 wk ahead inc flu hosp","2022-02-19","US","quantile",0.65,1119
"2022-01-31","3 wk ahead inc flu hosp","2022-02-19","US","quantile",0.7,1188
"2022-01-31","3 wk ahead inc flu hosp","2022-02-19","US","quantile",0.75,1264
"2022-01-31","3 wk ahead inc flu hosp","2022-02-19","US","quantile",0.8,1347
"2022-01-31","3 wk ahead inc flu hosp","2022-02-19","US","quantile",0.85,1441
"2022-01-31","3 wk ahead inc flu hosp","2022-02-19","US","quantile",0.9,1562
"2022-01-31","3 wk ahead inc flu hosp","2022-02-19","US","quantile",0.95,1743
"2022-01-31","3 wk ahead inc flu hosp","2022-02-19","US","quantile",0.975,1898
"2022-01-31","3 wk ahead inc flu hosp","2022-02-19","US","quantile",0.99,2076
"2022-01-31","4 wk ahead inc flu hosp","2022-02-26","US","quantile",0.01,0
"2022-01-31","4 wk ahead inc flu hosp","2022-02-26","US","quantile",0.025,0
"2022-01-31","4 wk ahead inc flu hosp","2022-02-26","US","quantile",0.05,40
"2022-01-31","4 wk ahead inc flu hosp","2022-02-26","US","quantile",0.1,197
"2022-01-31","4 wk ahead inc flu hosp","2022-02-26","US","quantile",0.15,337
"2022-01-31","4 wk ahead inc flu hosp","2022-02-26","US","quantile",0.2,448
"2022-01-31","4 wk ahead inc flu hosp","2022-02-26","US","quantile",0.25,544
"2022-01-31","4 wk ahead inc flu hosp","2022-02-26","US","quantile",0.3,628
"2022-01-31","4 wk ahead inc flu hosp","2022-02-26","US","quantile",0.35,709
"2022-01-31","4 wk ahead inc flu hosp","2022-02-26","US","quantile",0.4,783
"2022-01-31","4 wk ahead inc flu hosp","2022-02-26","US","quantile",0.45,858
"2022-01-31","4 wk ahead inc flu hosp","2022-02-26","US","quantile",0.5,932
"2022-01-31","4 wk ahead inc flu hosp","2022-02-26","US","quantile",0.55,1005
"2022-01-31","4 wk ahead inc flu hosp","2022-02-26","US","quantile",0.6,1078
"2022-01-31","4 wk ahead inc flu hosp","2022-02-26","US","quantile",0.65,1155
"2022-01-31","4 wk ahead inc flu hosp","2022-02-26","US","quantile",0.7,1233
"2022-01-31","4 wk ahead inc flu hosp","2022-02-26","US","quantile",0.75,1320
"2022-01-31","4 wk ahead inc flu hosp","2022-02-26","US","quantile",0.8,1419
"2022-01-31","4 wk ahead inc flu hosp","2022-02-26","US","quantile",0.85,1531
"2022-01-31","4 wk ahead inc flu hosp","2022-02-26","US","quantile",0.9,1673
"2022-01-31","4 wk ahead inc flu hosp","2022-02-26","US","quantile",0.95,1885
"2022-01-31","4 wk ahead inc flu hosp","2022-02-26","US","quantile",0.975,2065
"2022-01-31","4 wk ahead inc flu hosp","2022-02-26","US","quantile",0.99,2275
"2022-01-31","1 wk ahead inc flu hosp","2022-02-05","US","point",NA,932
"2022-01-31","2 wk ahead inc flu hosp","2022-02-12","US","point",NA,933
"2022-01-31","3 wk ahead inc flu hosp","2022-02-19","US","point",NA,931
"2022-01-31","4 wk ahead inc flu hosp","2022-02-26","US","point",NA,932
"2022-01-31","1 wk ahead inc flu hosp","2022-02-05","01","quantile",0.01,0
"2022-01-31","1 wk ahead inc flu hosp","2022-02-05","01","quantile",0.025,0
"2022-01-31","1 wk ahead inc flu hosp","2022-02-05","01","quantile",0.05,0
"2022-01-31","1 wk ahead inc flu hosp","2022-02-05","01","quantile",0.1,0
"2022-01-31","1 wk ahead inc flu hosp","2022-02-05","01","quantile",0.15,2
"2022-01-31","1 wk ahead inc flu hosp","2022-02-05","01","quantile",0.2,4
"2022-01-31","1 wk ahead inc flu hosp","2022-02-05","01","quantile",0.25,6
"2022-01-31","1 wk ahead inc flu hosp","2022-02-05","01","quantile",0.3,9
"2022-01-31","1 wk ahead inc flu hosp","2022-02-05","01","quantile",0.35,12
"2022-01-31","1 wk ahead inc flu hosp","2022-02-05","01","quantile",0.4,15
"2022-01-31","1 wk ahead inc flu hosp","2022-02-05","01","quantile",0.45,18
"2022-01-31","1 wk ahead inc flu hosp","2022-02-05","01","quantile",0.5,22
"2022-01-31","1 wk ahead inc flu hosp","2022-02-05","01","quantile",0.55,26
"2022-01-31","1 wk ahead inc flu hosp","2022-02-05","01","quantile",0.6,30
"2022-01-31","1 wk ahead inc flu hosp","2022-02-05","01","quantile",0.65,34
"2022-01-31","1 wk ahead inc flu hosp","2022-02-05","01","quantile",0.7,39
"2022-01-31","1 wk ahead inc flu hosp","2022-02-05","01","quantile",0.75,44
"2022-01-31","1 wk ahead inc flu hosp","2022-02-05","01","quantile",0.8,49
"2022-01-31","1 wk ahead inc flu hosp","2022-02-05","01","quantile",0.85,56
"2022-01-31","1 wk ahead inc flu hosp","2022-02-05","01","quantile",0.9,64
"2022-01-31","1 wk ahead inc flu hosp","2022-02-05","01","quantile",0.95,77
"2022-01-31","1 wk ahead inc flu hosp","2022-02-05","01","quantile",0.975,88
"2022-01-31","1 wk ahead inc flu hosp","2022-02-05","01","quantile",0.99,102
"2022-01-31","2 wk ahead inc flu hosp","2022-02-12","01","quantile",0.01,0
"2022-01-31","2 wk ahead inc flu hosp","2022-02-12","01","quantile",0.025,0
"2022-01-31","2 wk ahead inc flu hosp","2022-02-12","01","quantile",0.05,0
"2022-01-31","2 wk ahead inc flu hosp","2022-02-12","01","quantile",0.1,0
"2022-01-31","2 wk ahead inc flu hosp","2022-02-12","01","quantile",0.15,0
"2022-01-31","2 wk ahead inc flu hosp","2022-02-12","01","quantile",0.2,0
"2022-01-31","2 wk ahead inc flu hosp","2022-02-12","01","quantile",0.25,2
"2022-01-31","2 wk ahead inc flu hosp","2022-02-12","01","quantile",0.3,4
"2022-01-31","2 wk ahead inc flu hosp","2022-02-12","01","quantile",0.35,7
"2022-01-31","2 wk ahead inc flu hosp","2022-02-12","01","quantile",0.4,12
"2022-01-31","2 wk ahead inc flu hosp","2022-02-12","01","quantile",0.45,17
"2022-01-31","2 wk ahead inc flu hosp","2022-02-12","01","quantile",0.5,22
"2022-01-31","2 wk ahead inc flu hosp","2022-02-12","01","quantile",0.55,29
"2022-01-31","2 wk ahead inc flu hosp","2022-02-12","01","quantile",0.6,35
"2022-01-31","2 wk ahead inc flu hosp","2022-02-12","01","quantile",0.65,42
"2022-01-31","2 wk ahead inc flu hosp","2022-02-12","01","quantile",0.7,49
"2022-01-31","2 wk ahead inc flu hosp","2022-02-12","01","quantile",0.75,57
"2022-01-31","2 wk ahead inc flu hosp","2022-02-12","01","quantile",0.8,66
"2022-01-31","2 wk ahead inc flu hosp","2022-02-12","01","quantile",0.85,76
"2022-01-31","2 wk ahead inc flu hosp","2022-02-12","01","quantile",0.9,89
"2022-01-31","2 wk ahead inc flu hosp","2022-02-12","01","quantile",0.95,108
"2022-01-31","2 wk ahead inc flu hosp","2022-02-12","01","quantile",0.975,126
"2022-01-31","2 wk ahead inc flu hosp","2022-02-12","01","quantile",0.99,146
"2022-01-31","3 wk ahead inc flu hosp","2022-02-19","01","quantile",0.01,0
"2022-01-31","3 wk ahead inc flu hosp","2022-02-19","01","quantile",0.025,0
"2022-01-31","3 wk ahead inc flu hosp","2022-02-19","01","quantile",0.05,0
"2022-01-31","3 wk ahead inc flu hosp","2022-02-19","01","quantile",0.1,0
"2022-01-31","3 wk ahead inc flu hosp","2022-02-19","01","quantile",0.15,0
"2022-01-31","3 wk ahead inc flu hosp","2022-02-19","01","quantile",0.2,0
"2022-01-31","3 wk ahead inc flu hosp","2022-02-19","01","quantile",0.25,0
"2022-01-31","3 wk ahead inc flu hosp","2022-02-19","01","quantile",0.3,2
"2022-01-31","3 wk ahead inc flu hosp","2022-02-19","01","quantile",0.35,5
"2022-01-31","3 wk ahead inc flu hosp","2022-02-19","01","quantile",0.4,10
"2022-01-31","3 wk ahead inc flu hosp","2022-02-19","01","quantile",0.45,15
"2022-01-31","3 wk ahead inc flu hosp","2022-02-19","01","quantile",0.5,22
"2022-01-31","3 wk ahead inc flu hosp","2022-02-19","01","quantile",0.55,30
"2022-01-31","3 wk ahead inc flu hosp","2022-02-19","01","quantile",0.6,38
"2022-01-31","3 wk ahead inc flu hosp","2022-02-19","01","quantile",0.65,47
"2022-01-31","3 wk ahead inc flu hosp","2022-02-19","01","quantile",0.7,56
"2022-01-31","3 wk ahead inc flu hosp","2022-02-19","01","quantile",0.75,66
"2022-01-31","3 wk ahead inc flu hosp","2022-02-19","01","quantile",0.8,77
"2022-01-31","3 wk ahead inc flu hosp","2022-02-19","01","quantile",0.85,90
"2022-01-31","3 wk ahead inc flu hosp","2022-02-19","01","quantile",0.9,107
"2022-01-31","3 wk ahead inc flu hosp","2022-02-19","01","quantile",0.95,131
"2022-01-31","3 wk ahead inc flu hosp","2022-02-19","01","quantile",0.975,152
"2022-01-31","3 wk ahead inc flu hosp","2022-02-19","01","quantile",0.99,176
"2022-01-31","4 wk ahead inc flu hosp","2022-02-26","01","quantile",0.01,0
"2022-01-31","4 wk ahead inc flu hosp","2022-02-26","01","quantile",0.025,0
"2022-01-31","4 wk ahead inc flu hosp","2022-02-26","01","quantile",0.05,0
"2022-01-31","4 wk ahead inc flu hosp","2022-02-26","01","quantile",0.1,0
"2022-01-31","4 wk ahead inc flu hosp","2022-02-26","01","quantile",0.15,0
"2022-01-31","4 wk ahead inc flu hosp","2022-02-26","01","quantile",0.2,0
"2022-01-31","4 wk ahead inc flu hosp","2022-02-26","01","quantile",0.25,0
"2022-01-31","4 wk ahead inc flu hosp","2022-02-26","01","quantile",0.3,1
"2022-01-31","4 wk ahead inc flu hosp","2022-02-26","01","quantile",0.35,3
"2022-01-31","4 wk ahead inc flu hosp","2022-02-26","01","quantile",0.4,8
"2022-01-31","4 wk ahead inc flu hosp","2022-02-26","01","quantile",0.45,14
"2022-01-31","4 wk ahead inc flu hosp","2022-02-26","01","quantile",0.5,22
"2022-01-31","4 wk ahead inc flu hosp","2022-02-26","01","quantile",0.55,31
"2022-01-31","4 wk ahead inc flu hosp","2022-02-26","01","quantile",0.6,41
"2022-01-31","4 wk ahead inc flu hosp","2022-02-26","01","quantile",0.65,51
"2022-01-31","4 wk ahead inc flu hosp","2022-02-26","01","quantile",0.7,62
"2022-01-31","4 wk ahead inc flu hosp","2022-02-26","01","quantile",0.75,74
"2022-01-31","4 wk ahead inc flu hosp","2022-02-26","01","quantile",0.8,87
"2022-01-31","4 wk ahead inc flu hosp","2022-02-26","01","quantile",0.85,102
"2022-01-31","4 wk ahead inc flu hosp","2022-02-26","01","quantile",0.9,121
"2022-01-31","4 wk ahead inc flu hosp","2022-02-26","01","quantile",0.95,149
"2022-01-31","4 wk ahead inc flu hosp","2022-02-26","01","quantile",0.975,174
"2022-01-31","4 wk ahead inc flu hosp","2022-02-26","01","quantile",0.99,201
"2022-01-31","1 wk ahead inc flu hosp","2022-02-05","01","point",NA,22
"2022-01-31","2 wk ahead inc flu hosp","2022-02-12","01","point",NA,22
"2022-01-31","3 wk ahead inc flu hosp","2022-02-19","01","point",NA,22
"2022-01-31","4 wk ahead inc flu hosp","2022-02-26","01","point",NA,22
"2022-01-31","1 wk ahead inc flu hosp","2022-02-05","02","quantile",0.01,0
"2022-01-31","1 wk ahead inc flu hosp","2022-02-05","02","quantile",0.025,0
"2022-01-31","1 wk ahead inc flu hosp","2022-02-05","02","quantile",0.05,0
"2022-01-31","1 wk ahead inc flu hosp","2022-02-05","02","quantile",0.1,0
"2022-01-31","1 wk ahead inc flu hosp","2022-02-05","02","quantile",0.15,0
"2022-01-31","1 wk ahead inc flu hosp","2022-02-05","02","quantile",0.2,0
"2022-01-31","1 wk ahead inc flu hosp","2022-02-05","02","quantile",0.25,0
"2022-01-31","1 wk ahead inc flu hosp","2022-02-05","02","quantile",0.3,0
"2022-01-31","1 wk ahead inc flu hosp","2022-02-05","02","quantile",0.35,0
"2022-01-31","1 wk ahead inc flu hosp","2022-02-05","02","quantile",0.4,0
"2022-01-31","1 wk ahead inc flu hosp","2022-02-05","02","quantile",0.45,1
"2022-01-31","1 wk ahead inc flu hosp","2022-02-05","02","quantile",0.5,2
"2022-01-31","1 wk ahead inc flu hosp","2022-02-05","02","quantile",0.55,3
"2022-01-31","1 wk ahead inc flu hosp","2022-02-05","02","quantile",0.6,4
"2022-01-31","1 wk ahead inc flu hosp","2022-02-05","02","quantile",0.65,5
"2022-01-31","1 wk ahead inc flu hosp","2022-02-05","02","quantile",0.7,7
"2022-01-31","1 wk ahead inc flu hosp","2022-02-05","02","quantile",0.75,9
"2022-01-31","1 wk ahead inc flu hosp","2022-02-05","02","quantile",0.8,12
"2022-01-31","1 wk ahead inc flu hosp","2022-02-05","02","quantile",0.85,15
"2022-01-31","1 wk ahead inc flu hosp","2022-02-05","02","quantile",0.9,20
"2022-01-31","1 wk ahead inc flu hosp","2022-02-05","02","quantile",0.95,26
"2022-01-31","1 wk ahead inc flu hosp","2022-02-05","02","quantile",0.975,32
"2022-01-31","1 wk ahead inc flu hosp","2022-02-05","02","quantile",0.99,39
"2022-01-31","2 wk ahead inc flu hosp","2022-02-12","02","quantile",0.01,0
"2022-01-31","2 wk ahead inc flu hosp","2022-02-12","02","quantile",0.025,0
"2022-01-31","2 wk ahead inc flu hosp","2022-02-12","02","quantile",0.05,0
"2022-01-31","2 wk ahead inc flu hosp","2022-02-12","02","quantile",0.1,0
"2022-01-31","2 wk ahead inc flu hosp","2022-02-12","02","quantile",0.15,0
"2022-01-31","2 wk ahead inc flu hosp","2022-02-12","02","quantile",0.2,0
"2022-01-31","2 wk ahead inc flu hosp","2022-02-12","02","quantile",0.25,0
"2022-01-31","2 wk ahead inc flu hosp","2022-02-12","02","quantile",0.3,0
"2022-01-31","2 wk ahead inc flu hosp","2022-02-12","02","quantile",0.35,0
"2022-01-31","2 wk ahead inc flu hosp","2022-02-12","02","quantile",0.4,1
"2022-01-31","2 wk ahead inc flu hosp","2022-02-12","02","quantile",0.45,2
"2022-01-31","2 wk ahead inc flu hosp","2022-02-12","02","quantile",0.5,3
"2022-01-31","2 wk ahead inc flu hosp","2022-02-12","02","quantile",0.55,5
"2022-01-31","2 wk ahead inc flu hosp","2022-02-12","02","quantile",0.6,7
"2022-01-31","2 wk ahead inc flu hosp","2022-02-12","02","quantile",0.65,9
"2022-01-31","2 wk ahead inc flu hosp","2022-02-12","02","quantile",0.7,12
"2022-01-31","2 wk ahead inc flu hosp","2022-02-12","02","quantile",0.75,16
"2022-01-31","2 wk ahead inc flu hosp","2022-02-12","02","quantile",0.8,20
"2022-01-31","2 wk ahead inc flu hosp","2022-02-12","02","quantile",0.85,24
"2022-01-31","2 wk ahead inc flu hosp","2022-02-12","02","quantile",0.9,30
"2022-01-31","2 wk ahead inc flu hosp","2022-02-12","02","quantile",0.95,39
"2022-01-31","2 wk ahead inc flu hosp","2022-02-12","02","quantile",0.975,48
"2022-01-31","2 wk ahead inc flu hosp","2022-02-12","02","quantile",0.99,58
"2022-01-31","3 wk ahead inc flu hosp","2022-02-19","02","quantile",0.01,0
"2022-01-31","3 wk ahead inc flu hosp","2022-02-19","02","quantile",0.025,0
"2022-01-31","3 wk ahead inc flu hosp","2022-02-19","02","quantile",0.05,0
"2022-01-31","3 wk ahead inc flu hosp","2022-02-19","02","quantile",0.1,0
"2022-01-31","3 wk ahead inc flu hosp","2022-02-19","02","quantile",0.15,0
"2022-01-31","3 wk ahead inc flu hosp","2022-02-19","02","quantile",0.2,0
"2022-01-31","3 wk ahead inc flu hosp","2022-02-19","02","quantile",0.25,0
"2022-01-31","3 wk ahead inc flu hosp","2022-02-19","02","quantile",0.3,0
"2022-01-31","3 wk ahead inc flu hosp","2022-02-19","02","quantile",0.35,0
"2022-01-31","3 wk ahead inc flu hosp","2022-02-19","02","quantile",0.4,0
"2022-01-31","3 wk ahead inc flu hosp","2022-02-19","02","quantile",0.45,2
"2022-01-31","3 wk ahead inc flu hosp","2022-02-19","02","quantile",0.5,3
"2022-01-31","3 wk ahead inc flu hosp","2022-02-19","02","quantile",0.55,6
"2022-01-31","3 wk ahead inc flu hosp","2022-02-19","02","quantile",0.6,8
"2022-01-31","3 wk ahead inc flu hosp","2022-02-19","02","quantile",0.65,12
"2022-01-31","3 wk ahead inc flu hosp","2022-02-19","02","quantile",0.7,16
"2022-01-31","3 wk ahead inc flu hosp","2022-02-19","02","quantile",0.75,20
"2022-01-31","3 wk ahead inc flu hosp","2022-02-19","02","quantile",0.8,25
"2022-01-31","3 wk ahead inc flu hosp","2022-02-19","02","quantile",0.85,31
"2022-01-31","3 wk ahead inc flu hosp","2022-02-19","02","quantile",0.9,38
"2022-01-31","3 wk ahead inc flu hosp","2022-02-19","02","quantile",0.95,50
"2022-01-31","3 wk ahead inc flu hosp","2022-02-19","02","quantile",0.975,60
"2022-01-31","3 wk ahead inc flu hosp","2022-02-19","02","quantile",0.99,72
"2022-01-31","4 wk ahead inc flu hosp","2022-02-26","02","quantile",0.01,0
"2022-01-31","4 wk ahead inc flu hosp","2022-02-26","02","quantile",0.025,0
"2022-01-31","4 wk ahead inc flu hosp","2022-02-26","02","quantile",0.05,0
"2022-01-31","4 wk ahead inc flu hosp","2022-02-26","02","quantile",0.1,0
"2022-01-31","4 wk ahead inc flu hosp","2022-02-26","02","quantile",0.15,0
"2022-01-31","4 wk ahead inc flu hosp","2022-02-26","02","quantile",0.2,0
"2022-01-31","4 wk ahead inc flu hosp","2022-02-26","02","quantile",0.25,0
"2022-01-31","4 wk ahead inc flu hosp","2022-02-26","02","quantile",0.3,0
"2022-01-31","4 wk ahead inc flu hosp","2022-02-26","02","quantile",0.35,0
"2022-01-31","4 wk ahead inc flu hosp","2022-02-26","02","quantile",0.4,0
"2022-01-31","4 wk ahead inc flu hosp","2022-02-26","02","quantile",0.45,1
"2022-01-31","4 wk ahead inc flu hosp","2022-02-26","02","quantile",0.5,3
"2022-01-31","4 wk ahead inc flu hosp","2022-02-26","02","quantile",0.55,6
"2022-01-31","4 wk ahead inc flu hosp","2022-02-26","02","quantile",0.6,10
"2022-01-31","4 wk ahead inc flu hosp","2022-02-26","02","quantile",0.65,14
"2022-01-31","4 wk ahead inc flu hosp","2022-02-26","02","quantile",0.7,18
"2022-01-31","4 wk ahead inc flu hosp","2022-02-26","02","quantile",0.75,23
"2022-01-31","4 wk ahead inc flu hosp","2022-02-26","02","quantile",0.8,29
"2022-01-31","4 wk ahead inc flu hosp","2022-02-26","02","quantile",0.85,36
"2022-01-31","4 wk ahead inc flu hosp","2022-02-26","02","quantile",0.9,45
"2022-01-31","4 wk ahead inc flu hosp","2022-02-26","02","quantile",0.95,58
"2022-01-31","4 wk ahead inc flu hosp","2022-02-26","02","quantile",0.975,69
"2022-01-31","4 wk ahead inc flu hosp","2022-02-26","02","quantile",0.99,83
"2022-01-31","1 wk ahead inc flu hosp","2022-02-05","02","point",NA,2
"2022-01-31","2 wk ahead inc flu hosp","2022-02-12","02","point",NA,3
"2022-01-31","3 wk ahead inc flu hosp","2022-02-19","02","point",NA,3
"2022-01-31","4 wk ahead inc flu hosp","2022-02-26","02","point",NA,3
"2022-01-31","1 wk ahead inc flu hosp","2022-02-05","04","quantile",0.01,0
"2022-01-31","1 wk ahead inc flu hosp","2022-02-05","04","quantile",0.025,0
"2022-01-31","1 wk ahead inc flu hosp","2022-02-05","04","quantile",0.05,0
"2022-01-31","1 wk ahead inc flu hosp","2022-02-05","04","quantile",0.1,1
"2022-01-31","1 wk ahead inc flu hosp","2022-02-05","04","quantile",0.15,4
"2022-01-31","1 wk ahead inc flu hosp","2022-02-05","04","quantile",0.2,7
"2022-01-31","1 wk ahead inc flu hosp","2022-02-05","04","quantile",0.25,11
"2022-01-31","1 wk ahead inc flu hosp","2022-02-05","04","quantile",0.3,15
"2022-01-31","1 wk ahead inc flu hosp","2022-02-05","04","quantile",0.35,20
"2022-01-31","1 wk ahead inc flu hosp","2022-02-05","04","quantile",0.4,25
"2022-01-31","1 wk ahead inc flu hosp","2022-02-05","04","quantile",0.45,31
"2022-01-31","1 wk ahead inc flu hosp","2022-02-05","04","quantile",0.5,36
"2022-01-31","1 wk ahead inc flu hosp","2022-02-05","04","quantile",0.55,42
"2022-01-31","1 wk ahead inc flu hosp","2022-02-05","04","quantile",0.6,48
"2022-01-31","1 wk ahead inc flu hosp","2022-02-05","04","quantile",0.65,55
"2022-01-31","1 wk ahead inc flu hosp","2022-02-05","04","quantile",0.7,61
"2022-01-31","1 wk ahead inc flu hosp","2022-02-05","04","quantile",0.75,69
"2022-01-31","1 wk ahead inc flu hosp","2022-02-05","04","quantile",0.8,77
"2022-01-31","1 wk ahead inc flu hosp","2022-02-05","04","quantile",0.85,87
"2022-01-31","1 wk ahead inc flu hosp","2022-02-05","04","quantile",0.9,99
"2022-01-31","1 wk ahead inc flu hosp","2022-02-05","04","quantile",0.95,116
"2022-01-31","1 wk ahead inc flu hosp","2022-02-05","04","quantile",0.975,131
"2022-01-31","1 wk ahead inc flu hosp","2022-02-05","04","quantile",0.99,148
"2022-01-31","2 wk ahead inc flu hosp","2022-02-12","04","quantile",0.01,0
"2022-01-31","2 wk ahead inc flu hosp","2022-02-12","04","quantile",0.025,0
"2022-01-31","2 wk ahead inc flu hosp","2022-02-12","04","quantile",0.05,0
"2022-01-31","2 wk ahead inc flu hosp","2022-02-12","04","quantile",0.1,0
"2022-01-31","2 wk ahead inc flu hosp","2022-02-12","04","quantile",0.15,0
"2022-01-31","2 wk ahead inc flu hosp","2022-02-12","04","quantile",0.2,1
"2022-01-31","2 wk ahead inc flu hosp","2022-02-12","04","quantile",0.25,3
"2022-01-31","2 wk ahead inc flu hosp","2022-02-12","04","quantile",0.3,7
"2022-01-31","2 wk ahead inc flu hosp","2022-02-12","04","quantile",0.35,13
"2022-01-31","2 wk ahead inc flu hosp","2022-02-12","04","quantile",0.4,20
"2022-01-31","2 wk ahead inc flu hosp","2022-02-12","04","quantile",0.45,28
"2022-01-31","2 wk ahead inc flu hosp","2022-02-12","04","quantile",0.5,36
"2022-01-31","2 wk ahead inc flu hosp","2022-02-12","04","quantile",0.55,46
"2022-01-31","2 wk ahead inc flu hosp","2022-02-12","04","quantile",0.6,55
"2022-01-31","2 wk ahead inc flu hosp","2022-02-12","04","quantile",0.65,65
"2022-01-31","2 wk ahead inc flu hosp","2022-02-12","04","quantile",0.7,76
"2022-01-31","2 wk ahead inc flu hosp","2022-02-12","04","quantile",0.75,87
"2022-01-31","2 wk ahead inc flu hosp","2022-02-12","04","quantile",0.8,100
"2022-01-31","2 wk ahead inc flu hosp","2022-02-12","04","quantile",0.85,115
"2022-01-31","2 wk ahead inc flu hosp","2022-02-12","04","quantile",0.9,133
"2022-01-31","2 wk ahead inc flu hosp","2022-02-12","04","quantile",0.95,161
"2022-01-31","2 wk ahead inc flu hosp","2022-02-12","04","quantile",0.975,185
"2022-01-31","2 wk ahead inc flu hosp","2022-02-12","04","quantile",0.99,213
"2022-01-31","3 wk ahead inc flu hosp","2022-02-19","04","quantile",0.01,0
"2022-01-31","3 wk ahead inc flu hosp","2022-02-19","04","quantile",0.025,0
"2022-01-31","3 wk ahead inc flu hosp","2022-02-19","04","quantile",0.05,0
"2022-01-31","3 wk ahead inc flu hosp","2022-02-19","04","quantile",0.1,0
"2022-01-31","3 wk ahead inc flu hosp","2022-02-19","04","quantile",0.15,0
"2022-01-31","3 wk ahead inc flu hosp","2022-02-19","04","quantile",0.2,0
"2022-01-31","3 wk ahead inc flu hosp","2022-02-19","04","quantile",0.25,1
"2022-01-31","3 wk ahead inc flu hosp","2022-02-19","04","quantile",0.3,4
"2022-01-31","3 wk ahead inc flu hosp","2022-02-19","04","quantile",0.35,9
"2022-01-31","3 wk ahead inc flu hosp","2022-02-19","04","quantile",0.4,16
"2022-01-31","3 wk ahead inc flu hosp","2022-02-19","04","quantile",0.45,26
"2022-01-31","3 wk ahead inc flu hosp","2022-02-19","04","quantile",0.5,36
"2022-01-31","3 wk ahead inc flu hosp","2022-02-19","04","quantile",0.55,48
"2022-01-31","3 wk ahead inc flu hosp","2022-02-19","04","quantile",0.6,60
"2022-01-31","3 wk ahead inc flu hosp","2022-02-19","04","quantile",0.65,73
"2022-01-31","3 wk ahead inc flu hosp","2022-02-19","04","quantile",0.7,86
"2022-01-31","3 wk ahead inc flu hosp","2022-02-19","04","quantile",0.75,101
"2022-01-31","3 wk ahead inc flu hosp","2022-02-19","04","quantile",0.8,117
"2022-01-31","3 wk ahead inc flu hosp","2022-02-19","04","quantile",0.85,136
"2022-01-31","3 wk ahead inc flu hosp","2022-02-19","04","quantile",0.9,160
"2022-01-31","3 wk ahead inc flu hosp","2022-02-19","04","quantile",0.95,195
"2022-01-31","3 wk ahead inc flu hosp","2022-02-19","04","quantile",0.975,225
"2022-01-31","3 wk ahead inc flu hosp","2022-02-19","04","quantile",0.99,258
"2022-01-31","4 wk ahead inc flu hosp","2022-02-26","04","quantile",0.01,0
"2022-01-31","4 wk ahead inc flu hosp","2022-02-26","04","quantile",0.025,0
"2022-01-31","4 wk ahead inc flu hosp","2022-02-26","04","quantile",0.05,0
"2022-01-31","4 wk ahead inc flu hosp","2022-02-26","04","quantile",0.1,0
"2022-01-31","4 wk ahead inc flu hosp","2022-02-26","04","quantile",0.15,0
"2022-01-31","4 wk ahead inc flu hosp","2022-02-26","04","quantile",0.2,0
"2022-01-31","4 wk ahead inc flu hosp","2022-02-26","04","quantile",0.25,0
"2022-01-31","4 wk ahead inc flu hosp","2022-02-26","04","quantile",0.3,2
"2022-01-31","4 wk ahead inc flu hosp","2022-02-26","04","quantile",0.35,6
"2022-01-31","4 wk ahead inc flu hosp","2022-02-26","04","quantile",0.4,14
"2022-01-31","4 wk ahead inc flu hosp","2022-02-26","04","quantile",0.45,24
"2022-01-31","4 wk ahead inc flu hosp","2022-02-26","04","quantile",0.5,37
"2022-01-31","4 wk ahead inc flu hosp","2022-02-26","04","quantile",0.55,50
"2022-01-31","4 wk ahead inc flu hosp","2022-02-26","04","quantile",0.6,64
"2022-01-31","4 wk ahead inc flu hosp","2022-02-26","04","quantile",0.65,80
"2022-01-31","4 wk ahead inc flu hosp","2022-02-26","04","quantile",0.7,95
"2022-01-31","4 wk ahead inc flu hosp","2022-02-26","04","quantile",0.75,113
"2022-01-31","4 wk ahead inc flu hosp","2022-02-26","04","quantile",0.8,131
"2022-01-31","4 wk ahead inc flu hosp","2022-02-26","04","quantile",0.85,153
"2022-01-31","4 wk ahead inc flu hosp","2022-02-26","04","quantile",0.9,181
"2022-01-31","4 wk ahead inc flu hosp","2022-02-26","04","quantile",0.95,222
"2022-01-31","4 wk ahead inc flu hosp","2022-02-26","04","quantile",0.975,255
"2022-01-31","4 wk ahead inc flu hosp","2022-02-26","04","quantile",0.99,296
"2022-01-31","1 wk ahead inc flu hosp","2022-02-05","04","point",NA,36
"2022-01-31","2 wk ahead inc flu hosp","2022-02-12","04","point",NA,36
"2022-01-31","3 wk ahead inc flu hosp","2022-02-19","04","point",NA,36
"2022-01-31","4 wk ahead inc flu hosp","2022-02-26","04","point",NA,37
"2022-01-31","1 wk ahead inc flu hosp","2022-02-05","05","quantile",0.01,0
"2022-01-31","1 wk ahead inc flu hosp","2022-02-05","05","quantile",0.025,0
"2022-01-31","1 wk ahead inc flu hosp","2022-02-05","05","quantile",0.05,0
"2022-01-31","1 wk ahead inc flu hosp","2022-02-05","05","quantile",0.1,0
"2022-01-31","1 wk ahead inc flu hosp","2022-02-05","05","quantile",0.15,0
"2022-01-31","1 wk ahead inc flu hosp","2022-02-05","05","quantile",0.2,1
"2022-01-31","1 wk ahead inc flu hosp","2022-02-05","05","quantile",0.25,3
"2022-01-31","1 wk ahead inc flu hosp","2022-02-05","05","quantile",0.3,5
"2022-01-31","1 wk ahead inc flu hosp","2022-02-05","05","quantile",0.35,7
"2022-01-31","1 wk ahead inc flu hosp","2022-02-05","05","quantile",0.4,10
"2022-01-31","1 wk ahead inc flu hosp","2022-02-05","05","quantile",0.45,13
"2022-01-31","1 wk ahead inc flu hosp","2022-02-05","05","quantile",0.5,17
"2022-01-31","1 wk ahead inc flu hosp","2022-02-05","05","quantile",0.55,20
"2022-01-31","1 wk ahead inc flu hosp","2022-02-05","05","quantile",0.6,25
"2022-01-31","1 wk ahead inc flu hosp","2022-02-05","05","quantile",0.65,29
"2022-01-31","1 wk ahead inc flu hosp","2022-02-05","05","quantile",0.7,34
"2022-01-31","1 wk ahead inc flu hosp","2022-02-05","05","quantile",0.75,40
"2022-01-31","1 wk ahead inc flu hosp","2022-02-05","05","quantile",0.8,46
"2022-01-31","1 wk ahead inc flu hosp","2022-02-05","05","quantile",0.85,53
"2022-01-31","1 wk ahead inc flu hosp","2022-02-05","05","quantile",0.9,62
"2022-01-31","1 wk ahead inc flu hosp","2022-02-05","05","quantile",0.95,76
"2022-01-31","1 wk ahead inc flu hosp","2022-02-05","05","quantile",0.975,88
"2022-01-31","1 wk ahead inc flu hosp","2022-02-05","05","quantile",0.99,101
"2022-01-31","2 wk ahead inc flu hosp","2022-02-12","05","quantile",0.01,0
"2022-01-31","2 wk ahead inc flu hosp","2022-02-12","05","quantile",0.025,0
"2022-01-31","2 wk ahead inc flu hosp","2022-02-12","05","quantile",0.05,0
"2022-01-31","2 wk ahead inc flu hosp","2022-02-12","05","quantile",0.1,0
"2022-01-31","2 wk ahead inc flu hosp","2022-02-12","05","quantile",0.15,0
"2022-01-31","2 wk ahead inc flu hosp","2022-02-12","05","quantile",0.2,0
"2022-01-31","2 wk ahead inc flu hosp","2022-02-12","05","quantile",0.25,0
"2022-01-31","2 wk ahead inc flu hosp","2022-02-12","05","quantile",0.3,2
"2022-01-31","2 wk ahead inc flu hosp","2022-02-12","05","quantile",0.35,4
"2022-01-31","2 wk ahead inc flu hosp","2022-02-12","05","quantile",0.4,7
"2022-01-31","2 wk ahead inc flu hosp","2022-02-12","05","quantile",0.45,12
"2022-01-31","2 wk ahead inc flu hosp","2022-02-12","05","quantile",0.5,17
"2022-01-31","2 wk ahead inc flu hosp","2022-02-12","05","quantile",0.55,23
"2022-01-31","2 wk ahead inc flu hosp","2022-02-12","05","quantile",0.6,30
"2022-01-31","2 wk ahead inc flu hosp","2022-02-12","05","quantile",0.65,37
"2022-01-31","2 wk ahead inc flu hosp","2022-02-12","05","quantile",0.7,45
"2022-01-31","2 wk ahead inc flu hosp","2022-02-12","05","quantile",0.75,54
"2022-01-31","2 wk ahead inc flu hosp","2022-02-12","05","quantile",0.8,64
"2022-01-31","2 wk ahead inc flu hosp","2022-02-12","05","quantile",0.85,75
"2022-01-31","2 wk ahead inc flu hosp","2022-02-12","05","quantile",0.9,89
"2022-01-31","2 wk ahead inc flu hosp","2022-02-12","05","quantile",0.95,111
"2022-01-31","2 wk ahead inc flu hosp","2022-02-12","05","quantile",0.975,129
"2022-01-31","2 wk ahead inc flu hosp","2022-02-12","05","quantile",0.99,150
"2022-01-31","3 wk ahead inc flu hosp","2022-02-19","05","quantile",0.01,0
"2022-01-31","3 wk ahead inc flu hosp","2022-02-19","05","quantile",0.025,0
"2022-01-31","3 wk ahead inc flu hosp","2022-02-19","05","quantile",0.05,0
"2022-01-31","3 wk ahead inc flu hosp","2022-02-19","05","quantile",0.1,0
"2022-01-31","3 wk ahead inc flu hosp","2022-02-19","05","quantile",0.15,0
"2022-01-31","3 wk ahead inc flu hosp","2022-02-19","05","quantile",0.2,0
"2022-01-31","3 wk ahead inc flu hosp","2022-02-19","05","quantile",0.25,0
"2022-01-31","3 wk ahead inc flu hosp","2022-02-19","05","quantile",0.3,0
"2022-01-31","3 wk ahead inc flu hosp","2022-02-19","05","quantile",0.35,2
"2022-01-31","3 wk ahead inc flu hosp","2022-02-19","05","quantile",0.4,5
"2022-01-31","3 wk ahead inc flu hosp","2022-02-19","05","quantile",0.45,11
"2022-01-31","3 wk ahead inc flu hosp","2022-02-19","05","quantile",0.5,17
"2022-01-31","3 wk ahead inc flu hosp","2022-02-19","05","quantile",0.55,25
"2022-01-31","3 wk ahead inc flu hosp","2022-02-19","05","quantile",0.6,33
"2022-01-31","3 wk ahead inc flu hosp","2022-02-19","05","quantile",0.65,43
"2022-01-31","3 wk ahead inc flu hosp","2022-02-19","05","quantile",0.7,53
"2022-01-31","3 wk ahead inc flu hosp","2022-02-19","05","quantile",0.75,64
"2022-01-31","3 wk ahead inc flu hosp","2022-02-19","05","quantile",0.8,76
"2022-01-31","3 wk ahead inc flu hosp","2022-02-19","05","quantile",0.85,91
"2022-01-31","3 wk ahead inc flu hosp","2022-02-19","05","quantile",0.9,109
"2022-01-31","3 wk ahead inc flu hosp","2022-02-19","05","quantile",0.95,136
"2022-01-31","3 wk ahead inc flu hosp","2022-02-19","05","quantile",0.975,158
"2022-01-31","3 wk ahead inc flu hosp","2022-02-19","05","quantile",0.99,185
"2022-01-31","4 wk ahead inc flu hosp","2022-02-26","05","quantile",0.01,0
"2022-01-31","4 wk ahead inc flu hosp","2022-02-26","05","quantile",0.025,0
"2022-01-31","4 wk ahead inc flu hosp","2022-02-26","05","quantile",0.05,0
"2022-01-31","4 wk ahead inc flu hosp","2022-02-26","05","quantile",0.1,0
"2022-01-31","4 wk ahead inc flu hosp","2022-02-26","05","quantile",0.15,0
"2022-01-31","4 wk ahead inc flu hosp","2022-02-26","05","quantile",0.2,0
"2022-01-31","4 wk ahead inc flu hosp","2022-02-26","05","quantile",0.25,0
"2022-01-31","4 wk ahead inc flu hosp","2022-02-26","05","quantile",0.3,0
"2022-01-31","4 wk ahead inc flu hosp","2022-02-26","05","quantile",0.35,1
"2022-01-31","4 wk ahead inc flu hosp","2022-02-26","05","quantile",0.4,4
"2022-01-31","4 wk ahead inc flu hosp","2022-02-26","05","quantile",0.45,10
"2022-01-31","4 wk ahead inc flu hosp","2022-02-26","05","quantile",0.5,17
"2022-01-31","4 wk ahead inc flu hosp","2022-02-26","05","quantile",0.55,26
"2022-01-31","4 wk ahead inc flu hosp","2022-02-26","05","quantile",0.6,37
"2022-01-31","4 wk ahead inc flu hosp","2022-02-26","05","quantile",0.65,48
"2022-01-31","4 wk ahead inc flu hosp","2022-02-26","05","quantile",0.7,60
"2022-01-31","4 wk ahead inc flu hosp","2022-02-26","05","quantile",0.75,72
"2022-01-31","4 wk ahead inc flu hosp","2022-02-26","05","quantile",0.8,87
"2022-01-31","4 wk ahead inc flu hosp","2022-02-26","05","quantile",0.85,104
"2022-01-31","4 wk ahead inc flu hosp","2022-02-26","05","quantile",0.9,125
"2022-01-31","4 wk ahead inc flu hosp","2022-02-26","05","quantile",0.95,156
"2022-01-31","4 wk ahead inc flu hosp","2022-02-26","05","quantile",0.975,183
"2022-01-31","4 wk ahead inc flu hosp","2022-02-26","05","quantile",0.99,213
"2022-01-31","1 wk ahead inc flu hosp","2022-02-05","05","point",NA,17
"2022-01-31","2 wk ahead inc flu hosp","2022-02-12","05","point",NA,17
"2022-01-31","3 wk ahead inc flu hosp","2022-02-19","05","point",NA,17
"2022-01-31","4 wk ahead inc flu hosp","2022-02-26","05","point",NA,17
"2022-01-31","1 wk ahead inc flu hosp","2022-02-05","06","quantile",0.01,0
"2022-01-31","1 wk ahead inc flu hosp","2022-02-05","06","quantile",0.025,0
"2022-01-31","1 wk ahead inc flu hosp","2022-02-05","06","quantile",0.05,0
"2022-01-31","1 wk ahead inc flu hosp","2022-02-05","06","quantile",0.1,0
"2022-01-31","1 wk ahead inc flu hosp","2022-02-05","06","quantile",0.15,2
"2022-01-31","1 wk ahead inc flu hosp","2022-02-05","06","quantile",0.2,5
"2022-01-31","1 wk ahead inc flu hosp","2022-02-05","06","quantile",0.25,8
"2022-01-31","1 wk ahead inc flu hosp","2022-02-05","06","quantile",0.3,11
"2022-01-31","1 wk ahead inc flu hosp","2022-02-05","06","quantile",0.35,15
"2022-01-31","1 wk ahead inc flu hosp","2022-02-05","06","quantile",0.4,20
"2022-01-31","1 wk ahead inc flu hosp","2022-02-05","06","quantile",0.45,25
"2022-01-31","1 wk ahead inc flu hosp","2022-02-05","06","quantile",0.5,30
"2022-01-31","1 wk ahead inc flu hosp","2022-02-05","06","quantile",0.55,35
"2022-01-31","1 wk ahead inc flu hosp","2022-02-05","06","quantile",0.6,41
"2022-01-31","1 wk ahead inc flu hosp","2022-02-05","06","quantile",0.65,46
"2022-01-31","1 wk ahead inc flu hosp","2022-02-05","06","quantile",0.7,53
"2022-01-31","1 wk ahead inc flu hosp","2022-02-05","06","quantile",0.75,60
"2022-01-31","1 wk ahead inc flu hosp","2022-02-05","06","quantile",0.8,68
"2022-01-31","1 wk ahead inc flu hosp","2022-02-05","06","quantile",0.85,77
"2022-01-31","1 wk ahead inc flu hosp","2022-02-05","06","quantile",0.9,89
"2022-01-31","1 wk ahead inc flu hosp","2022-02-05","06","quantile",0.95,107
"2022-01-31","1 wk ahead inc flu hosp","2022-02-05","06","quantile",0.975,122
"2022-01-31","1 wk ahead inc flu hosp","2022-02-05","06","quantile",0.99,141
"2022-01-31","2 wk ahead inc flu hosp","2022-02-12","06","quantile",0.01,0
"2022-01-31","2 wk ahead inc flu hosp","2022-02-12","06","quantile",0.025,0
"2022-01-31","2 wk ahead inc flu hosp","2022-02-12","06","quantile",0.05,0
"2022-01-31","2 wk ahead inc flu hosp","2022-02-12","06","quantile",0.1,0
"2022-01-31","2 wk ahead inc flu hosp","2022-02-12","06","quantile",0.15,0
"2022-01-31","2 wk ahead inc flu hosp","2022-02-12","06","quantile",0.2,0
"2022-01-31","2 wk ahead inc flu hosp","2022-02-12","06","quantile",0.25,2
"2022-01-31","2 wk ahead inc flu hosp","2022-02-12","06","quantile",0.3,5
"2022-01-31","2 wk ahead inc flu hosp","2022-02-12","06","quantile",0.35,9
"2022-01-31","2 wk ahead inc flu hosp","2022-02-12","06","quantile",0.4,15
"2022-01-31","2 wk ahead inc flu hosp","2022-02-12","06","quantile",0.45,22
"2022-01-31","2 wk ahead inc flu hosp","2022-02-12","06","quantile",0.5,30
"2022-01-31","2 wk ahead inc flu hosp","2022-02-12","06","quantile",0.55,39
"2022-01-31","2 wk ahead inc flu hosp","2022-02-12","06","quantile",0.6,48
"2022-01-31","2 wk ahead inc flu hosp","2022-02-12","06","quantile",0.65,57
"2022-01-31","2 wk ahead inc flu hosp","2022-02-12","06","quantile",0.7,67
"2022-01-31","2 wk ahead inc flu hosp","2022-02-12","06","quantile",0.75,78
"2022-01-31","2 wk ahead inc flu hosp","2022-02-12","06","quantile",0.8,91
"2022-01-31","2 wk ahead inc flu hosp","2022-02-12","06","quantile",0.85,105
"2022-01-31","2 wk ahead inc flu hosp","2022-02-12","06","quantile",0.9,123
"2022-01-31","2 wk ahead inc flu hosp","2022-02-12","06","quantile",0.95,151
"2022-01-31","2 wk ahead inc flu hosp","2022-02-12","06","quantile",0.975,175
"2022-01-31","2 wk ahead inc flu hosp","2022-02-12","06","quantile",0.99,202
"2022-01-31","3 wk ahead inc flu hosp","2022-02-19","06","quantile",0.01,0
"2022-01-31","3 wk ahead inc flu hosp","2022-02-19","06","quantile",0.025,0
"2022-01-31","3 wk ahead inc flu hosp","2022-02-19","06","quantile",0.05,0
"2022-01-31","3 wk ahead inc flu hosp","2022-02-19","06","quantile",0.1,0
"2022-01-31","3 wk ahead inc flu hosp","2022-02-19","06","quantile",0.15,0
"2022-01-31","3 wk ahead inc flu hosp","2022-02-19","06","quantile",0.2,0
"2022-01-31","3 wk ahead inc flu hosp","2022-02-19","06","quantile",0.25,0
"2022-01-31","3 wk ahead inc flu hosp","2022-02-19","06","quantile",0.3,2
"2022-01-31","3 wk ahead inc flu hosp","2022-02-19","06","quantile",0.35,6
"2022-01-31","3 wk ahead inc flu hosp","2022-02-19","06","quantile",0.4,12
"2022-01-31","3 wk ahead inc flu hosp","2022-02-19","06","quantile",0.45,20
"2022-01-31","3 wk ahead inc flu hosp","2022-02-19","06","quantile",0.5,30
"2022-01-31","3 wk ahead inc flu hosp","2022-02-19","06","quantile",0.55,41
"2022-01-31","3 wk ahead inc flu hosp","2022-02-19","06","quantile",0.6,52
"2022-01-31","3 wk ahead inc flu hosp","2022-02-19","06","quantile",0.65,64
"2022-01-31","3 wk ahead inc flu hosp","2022-02-19","06","quantile",0.7,77
"2022-01-31","3 wk ahead inc flu hosp","2022-02-19","06","quantile",0.75,91
"2022-01-31","3 wk ahead inc flu hosp","2022-02-19","06","quantile",0.8,107
"2022-01-31","3 wk ahead inc flu hosp","2022-02-19","06","quantile",0.85,126
"2022-01-31","3 wk ahead inc flu hosp","2022-02-19","06","quantile",0.9,150
"2022-01-31","3 wk ahead inc flu hosp","2022-02-19","06","quantile",0.95,184
"2022-01-31","3 wk ahead inc flu hosp","2022-02-19","06","quantile",0.975,213
"2022-01-31","3 wk ahead inc flu hosp","2022-02-19","06","quantile",0.99,248
"2022-01-31","4 wk ahead inc flu hosp","2022-02-26","06","quantile",0.01,0
"2022-01-31","4 wk ahead inc flu hosp","2022-02-26","06","quantile",0.025,0
"2022-01-31","4 wk ahead inc flu hosp","2022-02-26","06","quantile",0.05,0
"2022-01-31","4 wk ahead inc flu hosp","2022-02-26","06","quantile",0.1,0
"2022-01-31","4 wk ahead inc flu hosp","2022-02-26","06","quantile",0.15,0
"2022-01-31","4 wk ahead inc flu hosp","2022-02-26","06","quantile",0.2,0
"2022-01-31","4 wk ahead inc flu hosp","2022-02-26","06","quantile",0.25,0
"2022-01-31","4 wk ahead inc flu hosp","2022-02-26","06","quantile",0.3,0
"2022-01-31","4 wk ahead inc flu hosp","2022-02-26","06","quantile",0.35,4
"2022-01-31","4 wk ahead inc flu hosp","2022-02-26","06","quantile",0.4,10
"2022-01-31","4 wk ahead inc flu hosp","2022-02-26","06","quantile",0.45,19
"2022-01-31","4 wk ahead inc flu hosp","2022-02-26","06","quantile",0.5,30
"2022-01-31","4 wk ahead inc flu hosp","2022-02-26","06","quantile",0.55,43
"2022-01-31","4 wk ahead inc flu hosp","2022-02-26","06","quantile",0.6,56
"2022-01-31","4 wk ahead inc flu hosp","2022-02-26","06","quantile",0.65,71
"2022-01-31","4 wk ahead inc flu hosp","2022-02-26","06","quantile",0.7,86
"2022-01-31","4 wk ahead inc flu hosp","2022-02-26","06","quantile",0.75,103
"2022-01-31","4 wk ahead inc flu hosp","2022-02-26","06","quantile",0.8,121
"2022-01-31","4 wk ahead inc flu hosp","2022-02-26","06","quantile",0.85,143
"2022-01-31","4 wk ahead inc flu hosp","2022-02-26","06","quantile",0.9,170
"2022-01-31","4 wk ahead inc flu hosp","2022-02-26","06","quantile",0.95,211
"2022-01-31","4 wk ahead inc flu hosp","2022-02-26","06","quantile",0.975,246
"2022-01-31","4 wk ahead inc flu hosp","2022-02-26","06","quantile",0.99,287
"2022-01-31","1 wk ahead inc flu hosp","2022-02-05","06","point",NA,30
"2022-01-31","2 wk ahead inc flu hosp","2022-02-12","06","point",NA,30
"2022-01-31","3 wk ahead inc flu hosp","2022-02-19","06","point",NA,30
"2022-01-31","4 wk ahead inc flu hosp","2022-02-26","06","point",NA,30
"2022-01-31","1 wk ahead inc flu hosp","2022-02-05","08","quantile",0.01,0
"2022-01-31","1 wk ahead inc flu hosp","2022-02-05","08","quantile",0.025,0
"2022-01-31","1 wk ahead inc flu hosp","2022-02-05","08","quantile",0.05,0
"2022-01-31","1 wk ahead inc flu hosp","2022-02-05","08","quantile",0.1,1
"2022-01-31","1 wk ahead inc flu hosp","2022-02-05","08","quantile",0.15,2
"2022-01-31","1 wk ahead inc flu hosp","2022-02-05","08","quantile",0.2,3
"2022-01-31","1 wk ahead inc flu hosp","2022-02-05","08","quantile",0.25,5
"2022-01-31","1 wk ahead inc flu hosp","2022-02-05","08","quantile",0.3,7
"2022-01-31","1 wk ahead inc flu hosp","2022-02-05","08","quantile",0.35,8
"2022-01-31","1 wk ahead inc flu hosp","2022-02-05","08","quantile",0.4,10
"2022-01-31","1 wk ahead inc flu hosp","2022-02-05","08","quantile",0.45,12
"2022-01-31","1 wk ahead inc flu hosp","2022-02-05","08","quantile",0.5,15
"2022-01-31","1 wk ahead inc flu hosp","2022-02-05","08","quantile",0.55,17
"2022-01-31","1 wk ahead inc flu hosp","2022-02-05","08","quantile",0.6,19
"2022-01-31","1 wk ahead inc flu hosp","2022-02-05","08","quantile",0.65,21
"2022-01-31","1 wk ahead inc flu hosp","2022-02-05","08","quantile",0.7,24
"2022-01-31","1 wk ahead inc flu hosp","2022-02-05","08","quantile",0.75,26
"2022-01-31","1 wk ahead inc flu hosp","2022-02-05","08","quantile",0.8,29
"2022-01-31","1 wk ahead inc flu hosp","2022-02-05","08","quantile",0.85,33
"2022-01-31","1 wk ahead inc flu hosp","2022-02-05","08","quantile",0.9,37
"2022-01-31","1 wk ahead inc flu hosp","2022-02-05","08","quantile",0.95,43
"2022-01-31","1 wk ahead inc flu hosp","2022-02-05","08","quantile",0.975,48
"2022-01-31","1 wk ahead inc flu hosp","2022-02-05","08","quantile",0.99,54
"2022-01-31","2 wk ahead inc flu hosp","2022-02-12","08","quantile",0.01,0
"2022-01-31","2 wk ahead inc flu hosp","2022-02-12","08","quantile",0.025,0
"2022-01-31","2 wk ahead inc flu hosp","2022-02-12","08","quantile",0.05,0
"2022-01-31","2 wk ahead inc flu hosp","2022-02-12","08","quantile",0.1,0
"2022-01-31","2 wk ahead inc flu hosp","2022-02-12","08","quantile",0.15,0
"2022-01-31","2 wk ahead inc flu hosp","2022-02-12","08","quantile",0.2,1
"2022-01-31","2 wk ahead inc flu hosp","2022-02-12","08","quantile",0.25,2
"2022-01-31","2 wk ahead inc flu hosp","2022-02-12","08","quantile",0.3,4
"2022-01-31","2 wk ahead inc flu hosp","2022-02-12","08","quantile",0.35,6
"2022-01-31","2 wk ahead inc flu hosp","2022-02-12","08","quantile",0.4,9
"2022-01-31","2 wk ahead inc flu hosp","2022-02-12","08","quantile",0.45,12
"2022-01-31","2 wk ahead inc flu hosp","2022-02-12","08","quantile",0.5,15
"2022-01-31","2 wk ahead inc flu hosp","2022-02-12","08","quantile",0.55,18
"2022-01-31","2 wk ahead inc flu hosp","2022-02-12","08","quantile",0.6,21
"2022-01-31","2 wk ahead inc flu hosp","2022-02-12","08","quantile",0.65,25
"2022-01-31","2 wk ahead inc flu hosp","2022-02-12","08","quantile",0.7,29
"2022-01-31","2 wk ahead inc flu hosp","2022-02-12","08","quantile",0.75,33
"2022-01-31","2 wk ahead inc flu hosp","2022-02-12","08","quantile",0.8,37
"2022-01-31","2 wk ahead inc flu hosp","2022-02-12","08","quantile",0.85,43
"2022-01-31","2 wk ahead inc flu hosp","2022-02-12","08","quantile",0.9,49
"2022-01-31","2 wk ahead inc flu hosp","2022-02-12","08","quantile",0.95,59
"2022-01-31","2 wk ahead inc flu hosp","2022-02-12","08","quantile",0.975,67
"2022-01-31","2 wk ahead inc flu hosp","2022-02-12","08","quantile",0.99,77
"2022-01-31","3 wk ahead inc flu hosp","2022-02-19","08","quantile",0.01,0
"2022-01-31","3 wk ahead inc flu hosp","2022-02-19","08","quantile",0.025,0
"2022-01-31","3 wk ahead inc flu hosp","2022-02-19","08","quantile",0.05,0
"2022-01-31","3 wk ahead inc flu hosp","2022-02-19","08","quantile",0.1,0
"2022-01-31","3 wk ahead inc flu hosp","2022-02-19","08","quantile",0.15,0
"2022-01-31","3 wk ahead inc flu hosp","2022-02-19","08","quantile",0.2,0
"2022-01-31","3 wk ahead inc flu hosp","2022-02-19","08","quantile",0.25,1
"2022-01-31","3 wk ahead inc flu hosp","2022-02-19","08","quantile",0.3,2
"2022-01-31","3 wk ahead inc flu hosp","2022-02-19","08","quantile",0.35,4
"2022-01-31","3 wk ahead inc flu hosp","2022-02-19","08","quantile",0.4,7
"2022-01-31","3 wk ahead inc flu hosp","2022-02-19","08","quantile",0.45,11
"2022-01-31","3 wk ahead inc flu hosp","2022-02-19","08","quantile",0.5,15
"2022-01-31","3 wk ahead inc flu hosp","2022-02-19","08","quantile",0.55,19
"2022-01-31","3 wk ahead inc flu hosp","2022-02-19","08","quantile",0.6,23
"2022-01-31","3 wk ahead inc flu hosp","2022-02-19","08","quantile",0.65,28
"2022-01-31","3 wk ahead inc flu hosp","2022-02-19","08","quantile",0.7,32
"2022-01-31","3 wk ahead inc flu hosp","2022-02-19","08","quantile",0.75,38
"2022-01-31","3 wk ahead inc flu hosp","2022-02-19","08","quantile",0.8,43
"2022-01-31","3 wk ahead inc flu hosp","2022-02-19","08","quantile",0.85,50
"2022-01-31","3 wk ahead inc flu hosp","2022-02-19","08","quantile",0.9,58
"2022-01-31","3 wk ahead inc flu hosp","2022-02-19","08","quantile",0.95,71
"2022-01-31","3 wk ahead inc flu hosp","2022-02-19","08","quantile",0.975,81
"2022-01-31","3 wk ahead inc flu hosp","2022-02-19","08","quantile",0.99,92
"2022-01-31","4 wk ahead inc flu hosp","2022-02-26","08","quantile",0.01,0
"2022-01-31","4 wk ahead inc flu hosp","2022-02-26","08","quantile",0.025,0
"2022-01-31","4 wk ahead inc flu hosp","2022-02-26","08","quantile",0.05,0
"2022-01-31","4 wk ahead inc flu hosp","2022-02-26","08","quantile",0.1,0
"2022-01-31","4 wk ahead inc flu hosp","2022-02-26","08","quantile",0.15,0
"2022-01-31","4 wk ahead inc flu hosp","2022-02-26","08","quantile",0.2,0
"2022-01-31","4 wk ahead inc flu hosp","2022-02-26","08","quantile",0.25,0
"2022-01-31","4 wk ahead inc flu hosp","2022-02-26","08","quantile",0.3,1
"2022-01-31","4 wk ahead inc flu hosp","2022-02-26","08","quantile",0.35,3
"2022-01-31","4 wk ahead inc flu hosp","2022-02-26","08","quantile",0.4,6
"2022-01-31","4 wk ahead inc flu hosp","2022-02-26","08","quantile",0.45,10
"2022-01-31","4 wk ahead inc flu hosp","2022-02-26","08","quantile",0.5,15
"2022-01-31","4 wk ahead inc flu hosp","2022-02-26","08","quantile",0.55,20
"2022-01-31","4 wk ahead inc flu hosp","2022-02-26","08","quantile",0.6,25
"2022-01-31","4 wk ahead inc flu hosp","2022-02-26","08","quantile",0.65,30
"2022-01-31","4 wk ahead inc flu hosp","2022-02-26","08","quantile",0.7,35
"2022-01-31","4 wk ahead inc flu hosp","2022-02-26","08","quantile",0.75,42
"2022-01-31","4 wk ahead inc flu hosp","2022-02-26","08","quantile",0.8,48
"2022-01-31","4 wk ahead inc flu hosp","2022-02-26","08","quantile",0.85,56
"2022-01-31","4 wk ahead inc flu hosp","2022-02-26","08","quantile",0.9,66
"2022-01-31","4 wk ahead inc flu hosp","2022-02-26","08","quantile",0.95,80
"2022-01-31","4 wk ahead inc flu hosp","2022-02-26","08","quantile",0.975,93
"2022-01-31","4 wk ahead inc flu hosp","2022-02-26","08","quantile",0.99,107
"2022-01-31","1 wk ahead inc flu hosp","2022-02-05","08","point",NA,15
"2022-01-31","2 wk ahead inc flu hosp","2022-02-12","08","point",NA,15
"2022-01-31","3 wk ahead inc flu hosp","2022-02-19","08","point",NA,15
"2022-01-31","4 wk ahead inc flu hosp","2022-02-26","08","point",NA,15
"2022-01-31","1 wk ahead inc flu hosp","2022-02-05","09","quantile",0.01,0
"2022-01-31","1 wk ahead inc flu hosp","2022-02-05","09","quantile",0.025,0
"2022-01-31","1 wk ahead inc flu hosp","2022-02-05","09","quantile",0.05,0
"2022-01-31","1 wk ahead inc flu hosp","2022-02-05","09","quantile",0.1,0
"2022-01-31","1 wk ahead inc flu hosp","2022-02-05","09","quantile",0.15,0
"2022-01-31","1 wk ahead inc flu hosp","2022-02-05","09","quantile",0.2,0
"2022-01-31","1 wk ahead inc flu hosp","2022-02-05","09","quantile",0.25,0
"2022-01-31","1 wk ahead inc flu hosp","2022-02-05","09","quantile",0.3,0
"2022-01-31","1 wk ahead inc flu hosp","2022-02-05","09","quantile",0.35,1
"2022-01-31","1 wk ahead inc flu hosp","2022-02-05","09","quantile",0.4,2
"2022-01-31","1 wk ahead inc flu hosp","2022-02-05","09","quantile",0.45,3
"2022-01-31","1 wk ahead inc flu hosp","2022-02-05","09","quantile",0.5,5
"2022-01-31","1 wk ahead inc flu hosp","2022-02-05","09","quantile",0.55,7
"2022-01-31","1 wk ahead inc flu hosp","2022-02-05","09","quantile",0.6,9
"2022-01-31","1 wk ahead inc flu hosp","2022-02-05","09","quantile",0.65,12
"2022-01-31","1 wk ahead inc flu hosp","2022-02-05","09","quantile",0.7,15
"2022-01-31","1 wk ahead inc flu hosp","2022-02-05","09","quantile",0.75,19
"2022-01-31","1 wk ahead inc flu hosp","2022-02-05","09","quantile",0.8,23
"2022-01-31","1 wk ahead inc flu hosp","2022-02-05","09","quantile",0.85,29
"2022-01-31","1 wk ahead inc flu hosp","2022-02-05","09","quantile",0.9,36
"2022-01-31","1 wk ahead inc flu hosp","2022-02-05","09","quantile",0.95,47
"2022-01-31","1 wk ahead inc flu hosp","2022-02-05","09","quantile",0.975,57
"2022-01-31","1 wk ahead inc flu hosp","2022-02-05","09","quantile",0.99,69
"2022-01-31","2 wk ahead inc flu hosp","2022-02-12","09","quantile",0.01,0
"2022-01-31","2 wk ahead inc flu hosp","2022-02-12","09","quantile",0.025,0
"2022-01-31","2 wk ahead inc flu hosp","2022-02-12","09","quantile",0.05,0
"2022-01-31","2 wk ahead inc flu hosp","2022-02-12","09","quantile",0.1,0
"2022-01-31","2 wk ahead inc flu hosp","2022-02-12","09","quantile",0.15,0
"2022-01-31","2 wk ahead inc flu hosp","2022-02-12","09","quantile",0.2,0
"2022-01-31","2 wk ahead inc flu hosp","2022-02-12","09","quantile",0.25,0
"2022-01-31","2 wk ahead inc flu hosp","2022-02-12","09","quantile",0.3,0
"2022-01-31","2 wk ahead inc flu hosp","2022-02-12","09","quantile",0.35,0
"2022-01-31","2 wk ahead inc flu hosp","2022-02-12","09","quantile",0.4,1
"2022-01-31","2 wk ahead inc flu hosp","2022-02-12","09","quantile",0.45,3
"2022-01-31","2 wk ahead inc flu hosp","2022-02-12","09","quantile",0.5,6
"2022-01-31","2 wk ahead inc flu hosp","2022-02-12","09","quantile",0.55,9
"2022-01-31","2 wk ahead inc flu hosp","2022-02-12","09","quantile",0.6,13
"2022-01-31","2 wk ahead inc flu hosp","2022-02-12","09","quantile",0.65,18
"2022-01-31","2 wk ahead inc flu hosp","2022-02-12","09","quantile",0.7,23
"2022-01-31","2 wk ahead inc flu hosp","2022-02-12","09","quantile",0.75,29
"2022-01-31","2 wk ahead inc flu hosp","2022-02-12","09","quantile",0.8,37
"2022-01-31","2 wk ahead inc flu hosp","2022-02-12","09","quantile",0.85,45
"2022-01-31","2 wk ahead inc flu hosp","2022-02-12","09","quantile",0.9,56
"2022-01-31","2 wk ahead inc flu hosp","2022-02-12","09","quantile",0.95,73
"2022-01-31","2 wk ahead inc flu hosp","2022-02-12","09","quantile",0.975,88
"2022-01-31","2 wk ahead inc flu hosp","2022-02-12","09","quantile",0.99,105
"2022-01-31","3 wk ahead inc flu hosp","2022-02-19","09","quantile",0.01,0
"2022-01-31","3 wk ahead inc flu hosp","2022-02-19","09","quantile",0.025,0
"2022-01-31","3 wk ahead inc flu hosp","2022-02-19","09","quantile",0.05,0
"2022-01-31","3 wk ahead inc flu hosp","2022-02-19","09","quantile",0.1,0
"2022-01-31","3 wk ahead inc flu hosp","2022-02-19","09","quantile",0.15,0
"2022-01-31","3 wk ahead inc flu hosp","2022-02-19","09","quantile",0.2,0
"2022-01-31","3 wk ahead inc flu hosp","2022-02-19","09","quantile",0.25,0
"2022-01-31","3 wk ahead inc flu hosp","2022-02-19","09","quantile",0.3,0
"2022-01-31","3 wk ahead inc flu hosp","2022-02-19","09","quantile",0.35,0
"2022-01-31","3 wk ahead inc flu hosp","2022-02-19","09","quantile",0.4,1
"2022-01-31","3 wk ahead inc flu hosp","2022-02-19","09","quantile",0.45,3
"2022-01-31","3 wk ahead inc flu hosp","2022-02-19","09","quantile",0.5,6
"2022-01-31","3 wk ahead inc flu hosp","2022-02-19","09","quantile",0.55,10
"2022-01-31","3 wk ahead inc flu hosp","2022-02-19","09","quantile",0.6,15
"2022-01-31","3 wk ahead inc flu hosp","2022-02-19","09","quantile",0.65,22
"2022-01-31","3 wk ahead inc flu hosp","2022-02-19","09","quantile",0.7,29
"2022-01-31","3 wk ahead inc flu hosp","2022-02-19","09","quantile",0.75,37
"2022-01-31","3 wk ahead inc flu hosp","2022-02-19","09","quantile",0.8,46
"2022-01-31","3 wk ahead inc flu hosp","2022-02-19","09","quantile",0.85,57
"2022-01-31","3 wk ahead inc flu hosp","2022-02-19","09","quantile",0.9,71
"2022-01-31","3 wk ahead inc flu hosp","2022-02-19","09","quantile",0.95,92
"2022-01-31","3 wk ahead inc flu hosp","2022-02-19","09","quantile",0.975,110
"2022-01-31","3 wk ahead inc flu hosp","2022-02-19","09","quantile",0.99,132
"2022-01-31","4 wk ahead inc flu hosp","2022-02-26","09","quantile",0.01,0
"2022-01-31","4 wk ahead inc flu hosp","2022-02-26","09","quantile",0.025,0
"2022-01-31","4 wk ahead inc flu hosp","2022-02-26","09","quantile",0.05,0
"2022-01-31","4 wk ahead inc flu hosp","2022-02-26","09","quantile",0.1,0
"2022-01-31","4 wk ahead inc flu hosp","2022-02-26","09","quantile",0.15,0
"2022-01-31","4 wk ahead inc flu hosp","2022-02-26","09","quantile",0.2,0
"2022-01-31","4 wk ahead inc flu hosp","2022-02-26","09","quantile",0.25,0
"2022-01-31","4 wk ahead inc flu hosp","2022-02-26","09","quantile",0.3,0
"2022-01-31","4 wk ahead inc flu hosp","2022-02-26","09","quantile",0.35,0
"2022-01-31","4 wk ahead inc flu hosp","2022-02-26","09","quantile",0.4,0
"2022-01-31","4 wk ahead inc flu hosp","2022-02-26","09","quantile",0.45,2
"2022-01-31","4 wk ahead inc flu hosp","2022-02-26","09","quantile",0.5,6
"2022-01-31","4 wk ahead inc flu hosp","2022-02-26","09","quantile",0.55,11
"2022-01-31","4 wk ahead inc flu hosp","2022-02-26","09","quantile",0.6,18
"2022-01-31","4 wk ahead inc flu hosp","2022-02-26","09","quantile",0.65,25
"2022-01-31","4 wk ahead inc flu hosp","2022-02-26","09","quantile",0.7,34
"2022-01-31","4 wk ahead inc flu hosp","2022-02-26","09","quantile",0.75,44
"2022-01-31","4 wk ahead inc flu hosp","2022-02-26","09","quantile",0.8,54
"2022-01-31","4 wk ahead inc flu hosp","2022-02-26","09","quantile",0.85,67
"2022-01-31","4 wk ahead inc flu hosp","2022-02-26","09","quantile",0.9,83
"2022-01-31","4 wk ahead inc flu hosp","2022-02-26","09","quantile",0.95,107
"2022-01-31","4 wk ahead inc flu hosp","2022-02-26","09","quantile",0.975,128
"2022-01-31","4 wk ahead inc flu hosp","2022-02-26","09","quantile",0.99,153
"2022-01-31","1 wk ahead inc flu hosp","2022-02-05","09","point",NA,5
"2022-01-31","2 wk ahead inc flu hosp","2022-02-12","09","point",NA,6
"2022-01-31","3 wk ahead inc flu hosp","2022-02-19","09","point",NA,6
"2022-01-31","4 wk ahead inc flu hosp","2022-02-26","09","point",NA,6
"2022-01-31","1 wk ahead inc flu hosp","2022-02-05","10","quantile",0.01,0
"2022-01-31","1 wk ahead inc flu hosp","2022-02-05","10","quantile",0.025,0
"2022-01-31","1 wk ahead inc flu hosp","2022-02-05","10","quantile",0.05,0
"2022-01-31","1 wk ahead inc flu hosp","2022-02-05","10","quantile",0.1,0
"2022-01-31","1 wk ahead inc flu hosp","2022-02-05","10","quantile",0.15,0
"2022-01-31","1 wk ahead inc flu hosp","2022-02-05","10","quantile",0.2,0
"2022-01-31","1 wk ahead inc flu hosp","2022-02-05","10","quantile",0.25,0
"2022-01-31","1 wk ahead inc flu hosp","2022-02-05","10","quantile",0.3,0
"2022-01-31","1 wk ahead inc flu hosp","2022-02-05","10","quantile",0.35,0
"2022-01-31","1 wk ahead inc flu hosp","2022-02-05","10","quantile",0.4,0
"2022-01-31","1 wk ahead inc flu hosp","2022-02-05","10","quantile",0.45,0
"2022-01-31","1 wk ahead inc flu hosp","2022-02-05","10","quantile",0.5,1
"2022-01-31","1 wk ahead inc flu hosp","2022-02-05","10","quantile",0.55,1
"2022-01-31","1 wk ahead inc flu hosp","2022-02-05","10","quantile",0.6,2
"2022-01-31","1 wk ahead inc flu hosp","2022-02-05","10","quantile",0.65,3
"2022-01-31","1 wk ahead inc flu hosp","2022-02-05","10","quantile",0.7,4
"2022-01-31","1 wk ahead inc flu hosp","2022-02-05","10","quantile",0.75,5
"2022-01-31","1 wk ahead inc flu hosp","2022-02-05","10","quantile",0.8,6
"2022-01-31","1 wk ahead inc flu hosp","2022-02-05","10","quantile",0.85,7
"2022-01-31","1 wk ahead inc flu hosp","2022-02-05","10","quantile",0.9,9
"2022-01-31","1 wk ahead inc flu hosp","2022-02-05","10","quantile",0.95,11
"2022-01-31","1 wk ahead inc flu hosp","2022-02-05","10","quantile",0.975,14
"2022-01-31","1 wk ahead inc flu hosp","2022-02-05","10","quantile",0.99,16
"2022-01-31","2 wk ahead inc flu hosp","2022-02-12","10","quantile",0.01,0
"2022-01-31","2 wk ahead inc flu hosp","2022-02-12","10","quantile",0.025,0
"2022-01-31","2 wk ahead inc flu hosp","2022-02-12","10","quantile",0.05,0
"2022-01-31","2 wk ahead inc flu hosp","2022-02-12","10","quantile",0.1,0
"2022-01-31","2 wk ahead inc flu hosp","2022-02-12","10","quantile",0.15,0
"2022-01-31","2 wk ahead inc flu hosp","2022-02-12","10","quantile",0.2,0
"2022-01-31","2 wk ahead inc flu hosp","2022-02-12","10","quantile",0.25,0
"2022-01-31","2 wk ahead inc flu hosp","2022-02-12","10","quantile",0.3,0
"2022-01-31","2 wk ahead inc flu hosp","2022-02-12","10","quantile",0.35,0
"2022-01-31","2 wk ahead inc flu hosp","2022-02-12","10","quantile",0.4,0
"2022-01-31","2 wk ahead inc flu hosp","2022-02-12","10","quantile",0.45,1
"2022-01-31","2 wk ahead inc flu hosp","2022-02-12","10","quantile",0.5,1
"2022-01-31","2 wk ahead inc flu hosp","2022-02-12","10","quantile",0.55,2
"2022-01-31","2 wk ahead inc flu hosp","2022-02-12","10","quantile",0.6,3
"2022-01-31","2 wk ahead inc flu hosp","2022-02-12","10","quantile",0.65,5
"2022-01-31","2 wk ahead inc flu hosp","2022-02-12","10","quantile",0.7,6
"2022-01-31","2 wk ahead inc flu hosp","2022-02-12","10","quantile",0.75,7
"2022-01-31","2 wk ahead inc flu hosp","2022-02-12","10","quantile",0.8,9
"2022-01-31","2 wk ahead inc flu hosp","2022-02-12","10","quantile",0.85,11
"2022-01-31","2 wk ahead inc flu hosp","2022-02-12","10","quantile",0.9,14
"2022-01-31","2 wk ahead inc flu hosp","2022-02-12","10","quantile",0.95,17
"2022-01-31","2 wk ahead inc flu hosp","2022-02-12","10","quantile",0.975,21
"2022-01-31","2 wk ahead inc flu hosp","2022-02-12","10","quantile",0.99,25
"2022-01-31","3 wk ahead inc flu hosp","2022-02-19","10","quantile",0.01,0
"2022-01-31","3 wk ahead inc flu hosp","2022-02-19","10","quantile",0.025,0
"2022-01-31","3 wk ahead inc flu hosp","2022-02-19","10","quantile",0.05,0
"2022-01-31","3 wk ahead inc flu hosp","2022-02-19","10","quantile",0.1,0
"2022-01-31","3 wk ahead inc flu hosp","2022-02-19","10","quantile",0.15,0
"2022-01-31","3 wk ahead inc flu hosp","2022-02-19","10","quantile",0.2,0
"2022-01-31","3 wk ahead inc flu hosp","2022-02-19","10","quantile",0.25,0
"2022-01-31","3 wk ahead inc flu hosp","2022-02-19","10","quantile",0.3,0
"2022-01-31","3 wk ahead inc flu hosp","2022-02-19","10","quantile",0.35,0
"2022-01-31","3 wk ahead inc flu hosp","2022-02-19","10","quantile",0.4,0
"2022-01-31","3 wk ahead inc flu hosp","2022-02-19","10","quantile",0.45,1
"2022-01-31","3 wk ahead inc flu hosp","2022-02-19","10","quantile",0.5,2
"2022-01-31","3 wk ahead inc flu hosp","2022-02-19","10","quantile",0.55,3
"2022-01-31","3 wk ahead inc flu hosp","2022-02-19","10","quantile",0.6,4
"2022-01-31","3 wk ahead inc flu hosp","2022-02-19","10","quantile",0.65,6
"2022-01-31","3 wk ahead inc flu hosp","2022-02-19","10","quantile",0.7,7
"2022-01-31","3 wk ahead inc flu hosp","2022-02-19","10","quantile",0.75,9
"2022-01-31","3 wk ahead inc flu hosp","2022-02-19","10","quantile",0.8,11
"2022-01-31","3 wk ahead inc flu hosp","2022-02-19","10","quantile",0.85,14
"2022-01-31","3 wk ahead inc flu hosp","2022-02-19","10","quantile",0.9,17
"2022-01-31","3 wk ahead inc flu hosp","2022-02-19","10","quantile",0.95,22
"2022-01-31","3 wk ahead inc flu hosp","2022-02-19","10","quantile",0.975,26
"2022-01-31","3 wk ahead inc flu hosp","2022-02-19","10","quantile",0.99,31
"2022-01-31","4 wk ahead inc flu hosp","2022-02-26","10","quantile",0.01,0
"2022-01-31","4 wk ahead inc flu hosp","2022-02-26","10","quantile",0.025,0
"2022-01-31","4 wk ahead inc flu hosp","2022-02-26","10","quantile",0.05,0
"2022-01-31","4 wk ahead inc flu hosp","2022-02-26","10","quantile",0.1,0
"2022-01-31","4 wk ahead inc flu hosp","2022-02-26","10","quantile",0.15,0
"2022-01-31","4 wk ahead inc flu hosp","2022-02-26","10","quantile",0.2,0
"2022-01-31","4 wk ahead inc flu hosp","2022-02-26","10","quantile",0.25,0
"2022-01-31","4 wk ahead inc flu hosp","2022-02-26","10","quantile",0.3,0
"2022-01-31","4 wk ahead inc flu hosp","2022-02-26","10","quantile",0.35,0
"2022-01-31","4 wk ahead inc flu hosp","2022-02-26","10","quantile",0.4,0
"2022-01-31","4 wk ahead inc flu hosp","2022-02-26","10","quantile",0.45,1
"2022-01-31","4 wk ahead inc flu hosp","2022-02-26","10","quantile",0.5,2
"2022-01-31","4 wk ahead inc flu hosp","2022-02-26","10","quantile",0.55,3
"2022-01-31","4 wk ahead inc flu hosp","2022-02-26","10","quantile",0.6,5
"2022-01-31","4 wk ahead inc flu hosp","2022-02-26","10","quantile",0.65,6
"2022-01-31","4 wk ahead inc flu hosp","2022-02-26","10","quantile",0.7,8
"2022-01-31","4 wk ahead inc flu hosp","2022-02-26","10","quantile",0.75,11
"2022-01-31","4 wk ahead inc flu hosp","2022-02-26","10","quantile",0.8,13
"2022-01-31","4 wk ahead inc flu hosp","2022-02-26","10","quantile",0.85,16
"2022-01-31","4 wk ahead inc flu hosp","2022-02-26","10","quantile",0.9,20
"2022-01-31","4 wk ahead inc flu hosp","2022-02-26","10","quantile",0.95,26
"2022-01-31","4 wk ahead inc flu hosp","2022-02-26","10","quantile",0.975,31
"2022-01-31","4 wk ahead inc flu hosp","2022-02-26","10","quantile",0.99,37
"2022-01-31","1 wk ahead inc flu hosp","2022-02-05","10","point",NA,1
"2022-01-31","2 wk ahead inc flu hosp","2022-02-12","10","point",NA,1
"2022-01-31","3 wk ahead inc flu hosp","2022-02-19","10","point",NA,2
"2022-01-31","4 wk ahead inc flu hosp","2022-02-26","10","point",NA,2
"2022-01-31","1 wk ahead inc flu hosp","2022-02-05","11","quantile",0.01,0
"2022-01-31","1 wk ahead inc flu hosp","2022-02-05","11","quantile",0.025,0
"2022-01-31","1 wk ahead inc flu hosp","2022-02-05","11","quantile",0.05,0
"2022-01-31","1 wk ahead inc flu hosp","2022-02-05","11","quantile",0.1,0
"2022-01-31","1 wk ahead inc flu hosp","2022-02-05","11","quantile",0.15,0
"2022-01-31","1 wk ahead inc flu hosp","2022-02-05","11","quantile",0.2,0
"2022-01-31","1 wk ahead inc flu hosp","2022-02-05","11","quantile",0.25,0
"2022-01-31","1 wk ahead inc flu hosp","2022-02-05","11","quantile",0.3,0
"2022-01-31","1 wk ahead inc flu hosp","2022-02-05","11","quantile",0.35,0
"2022-01-31","1 wk ahead inc flu hosp","2022-02-05","11","quantile",0.4,0
"2022-01-31","1 wk ahead inc flu hosp","2022-02-05","11","quantile",0.45,0
"2022-01-31","1 wk ahead inc flu hosp","2022-02-05","11","quantile",0.5,0
"2022-01-31","1 wk ahead inc flu hosp","2022-02-05","11","quantile",0.55,0
"2022-01-31","1 wk ahead inc flu hosp","2022-02-05","11","quantile",0.6,0
"2022-01-31","1 wk ahead inc flu hosp","2022-02-05","11","quantile",0.65,0
"2022-01-31","1 wk ahead inc flu hosp","2022-02-05","11","quantile",0.7,0
"2022-01-31","1 wk ahead inc flu hosp","2022-02-05","11","quantile",0.75,0
"2022-01-31","1 wk ahead inc flu hosp","2022-02-05","11","quantile",0.8,0
"2022-01-31","1 wk ahead inc flu hosp","2022-02-05","11","quantile",0.85,0
"2022-01-31","1 wk ahead inc flu hosp","2022-02-05","11","quantile",0.9,0
"2022-01-31","1 wk ahead inc flu hosp","2022-02-05","11","quantile",0.95,0
"2022-01-31","1 wk ahead inc flu hosp","2022-02-05","11","quantile",0.975,0
"2022-01-31","1 wk ahead inc flu hosp","2022-02-05","11","quantile",0.99,0
"2022-01-31","2 wk ahead inc flu hosp","2022-02-12","11","quantile",0.01,0
"2022-01-31","2 wk ahead inc flu hosp","2022-02-12","11","quantile",0.025,0
"2022-01-31","2 wk ahead inc flu hosp","2022-02-12","11","quantile",0.05,0
"2022-01-31","2 wk ahead inc flu hosp","2022-02-12","11","quantile",0.1,0
"2022-01-31","2 wk ahead inc flu hosp","2022-02-12","11","quantile",0.15,0
"2022-01-31","2 wk ahead inc flu hosp","2022-02-12","11","quantile",0.2,0
"2022-01-31","2 wk ahead inc flu hosp","2022-02-12","11","quantile",0.25,0
"2022-01-31","2 wk ahead inc flu hosp","2022-02-12","11","quantile",0.3,0
"2022-01-31","2 wk ahead inc flu hosp","2022-02-12","11","quantile",0.35,0
"2022-01-31","2 wk ahead inc flu hosp","2022-02-12","11","quantile",0.4,0
"2022-01-31","2 wk ahead inc flu hosp","2022-02-12","11","quantile",0.45,0
"2022-01-31","2 wk ahead inc flu hosp","2022-02-12","11","quantile",0.5,0
"2022-01-31","2 wk ahead inc flu hosp","2022-02-12","11","quantile",0.55,0
"2022-01-31","2 wk ahead inc flu hosp","2022-02-12","11","quantile",0.6,0
"2022-01-31","2 wk ahead inc flu hosp","2022-02-12","11","quantile",0.65,0
"2022-01-31","2 wk ahead inc flu hosp","2022-02-12","11","quantile",0.7,0
"2022-01-31","2 wk ahead inc flu hosp","2022-02-12","11","quantile",0.75,0
"2022-01-31","2 wk ahead inc flu hosp","2022-02-12","11","quantile",0.8,0
"2022-01-31","2 wk ahead inc flu hosp","2022-02-12","11","quantile",0.85,0
"2022-01-31","2 wk ahead inc flu hosp","2022-02-12","11","quantile",0.9,0
"2022-01-31","2 wk ahead inc flu hosp","2022-02-12","11","quantile",0.95,0
"2022-01-31","2 wk ahead inc flu hosp","2022-02-12","11","quantile",0.975,0
"2022-01-31","2 wk ahead inc flu hosp","2022-02-12","11","quantile",0.99,0
"2022-01-31","3 wk ahead inc flu hosp","2022-02-19","11","quantile",0.01,0
"2022-01-31","3 wk ahead inc flu hosp","2022-02-19","11","quantile",0.025,0
"2022-01-31","3 wk ahead inc flu hosp","2022-02-19","11","quantile",0.05,0
"2022-01-31","3 wk ahead inc flu hosp","2022-02-19","11","quantile",0.1,0
"2022-01-31","3 wk ahead inc flu hosp","2022-02-19","11","quantile",0.15,0
"2022-01-31","3 wk ahead inc flu hosp","2022-02-19","11","quantile",0.2,0
"2022-01-31","3 wk ahead inc flu hosp","2022-02-19","11","quantile",0.25,0
"2022-01-31","3 wk ahead inc flu hosp","2022-02-19","11","quantile",0.3,0
"2022-01-31","3 wk ahead inc flu hosp","2022-02-19","11","quantile",0.35,0
"2022-01-31","3 wk ahead inc flu hosp","2022-02-19","11","quantile",0.4,0
"2022-01-31","3 wk ahead inc flu hosp","2022-02-19","11","quantile",0.45,0
"2022-01-31","3 wk ahead inc flu hosp","2022-02-19","11","quantile",0.5,0
"2022-01-31","3 wk ahead inc flu hosp","2022-02-19","11","quantile",0.55,0
"2022-01-31","3 wk ahead inc flu hosp","2022-02-19","11","quantile",0.6,0
"2022-01-31","3 wk ahead inc flu hosp","2022-02-19","11","quantile",0.65,0
"2022-01-31","3 wk ahead inc flu hosp","2022-02-19","11","quantile",0.7,0
"2022-01-31","3 wk ahead inc flu hosp","2022-02-19","11","quantile",0.75,0
"2022-01-31","3 wk ahead inc flu hosp","2022-02-19","11","quantile",0.8,0
"2022-01-31","3 wk ahead inc flu hosp","2022-02-19","11","quantile",0.85,0
"2022-01-31","3 wk ahead inc flu hosp","2022-02-19","11","quantile",0.9,0
"2022-01-31","3 wk ahead inc flu hosp","2022-02-19","11","quantile",0.95,0
"2022-01-31","3 wk ahead inc flu hosp","2022-02-19","11","quantile",0.975,0
"2022-01-31","3 wk ahead inc flu hosp","2022-02-19","11","quantile",0.99,0
"2022-01-31","4 wk ahead inc flu hosp","2022-02-26","11","quantile",0.01,0
"2022-01-31","4 wk ahead inc flu hosp","2022-02-26","11","quantile",0.025,0
"2022-01-31","4 wk ahead inc flu hosp","2022-02-26","11","quantile",0.05,0
"2022-01-31","4 wk ahead inc flu hosp","2022-02-26","11","quantile",0.1,0
"2022-01-31","4 wk ahead inc flu hosp","2022-02-26","11","quantile",0.15,0
"2022-01-31","4 wk ahead inc flu hosp","2022-02-26","11","quantile",0.2,0
"2022-01-31","4 wk ahead inc flu hosp","2022-02-26","11","quantile",0.25,0
"2022-01-31","4 wk ahead inc flu hosp","2022-02-26","11","quantile",0.3,0
"2022-01-31","4 wk ahead inc flu hosp","2022-02-26","11","quantile",0.35,0
"2022-01-31","4 wk ahead inc flu hosp","2022-02-26","11","quantile",0.4,0
"2022-01-31","4 wk ahead inc flu hosp","2022-02-26","11","quantile",0.45,0
"2022-01-31","4 wk ahead inc flu hosp","2022-02-26","11","quantile",0.5,0
"2022-01-31","4 wk ahead inc flu hosp","2022-02-26","11","quantile",0.55,0
"2022-01-31","4 wk ahead inc flu hosp","2022-02-26","11","quantile",0.6,0
"2022-01-31","4 wk ahead inc flu hosp","2022-02-26","11","quantile",0.65,0
"2022-01-31","4 wk ahead inc flu hosp","2022-02-26","11","quantile",0.7,0
"2022-01-31","4 wk ahead inc flu hosp","2022-02-26","11","quantile",0.75,0
"2022-01-31","4 wk ahead inc flu hosp","2022-02-26","11","quantile",0.8,0
"2022-01-31","4 wk ahead inc flu hosp","2022-02-26","11","quantile",0.85,0
"2022-01-31","4 wk ahead inc flu hosp","2022-02-26","11","quantile",0.9,0
"2022-01-31","4 wk ahead inc flu hosp","2022-02-26","11","quantile",0.95,0
"2022-01-31","4 wk ahead inc flu hosp","2022-02-26","11","quantile",0.975,0
"2022-01-31","4 wk ahead inc flu hosp","2022-02-26","11","quantile",0.99,0
"2022-01-31","1 wk ahead inc flu hosp","2022-02-05","11","point",NA,0
"2022-01-31","2 wk ahead inc flu hosp","2022-02-12","11","point",NA,0
"2022-01-31","3 wk ahead inc flu hosp","2022-02-19","11","point",NA,0
"2022-01-31","4 wk ahead inc flu hosp","2022-02-26","11","point",NA,0
"2022-01-31","1 wk ahead inc flu hosp","2022-02-05","12","quantile",0.01,0
"2022-01-31","1 wk ahead inc flu hosp","2022-02-05","12","quantile",0.025,0
"2022-01-31","1 wk ahead inc flu hosp","2022-02-05","12","quantile",0.05,2
"2022-01-31","1 wk ahead inc flu hosp","2022-02-05","12","quantile",0.1,7
"2022-01-31","1 wk ahead inc flu hosp","2022-02-05","12","quantile",0.15,13
"2022-01-31","1 wk ahead inc flu hosp","2022-02-05","12","quantile",0.2,19
"2022-01-31","1 wk ahead inc flu hosp","2022-02-05","12","quantile",0.25,26
"2022-01-31","1 wk ahead inc flu hosp","2022-02-05","12","quantile",0.3,32
"2022-01-31","1 wk ahead inc flu hosp","2022-02-05","12","quantile",0.35,38
"2022-01-31","1 wk ahead inc flu hosp","2022-02-05","12","quantile",0.4,44
"2022-01-31","1 wk ahead inc flu hosp","2022-02-05","12","quantile",0.45,50
"2022-01-31","1 wk ahead inc flu hosp","2022-02-05","12","quantile",0.5,56
"2022-01-31","1 wk ahead inc flu hosp","2022-02-05","12","quantile",0.55,63
"2022-01-31","1 wk ahead inc flu hosp","2022-02-05","12","quantile",0.6,69
"2022-01-31","1 wk ahead inc flu hosp","2022-02-05","12","quantile",0.65,75
"2022-01-31","1 wk ahead inc flu hosp","2022-02-05","12","quantile",0.7,82
"2022-01-31","1 wk ahead inc flu hosp","2022-02-05","12","quantile",0.75,90
"2022-01-31","1 wk ahead inc flu hosp","2022-02-05","12","quantile",0.8,98
"2022-01-31","1 wk ahead inc flu hosp","2022-02-05","12","quantile",0.85,108
"2022-01-31","1 wk ahead inc flu hosp","2022-02-05","12","quantile",0.9,120
"2022-01-31","1 wk ahead inc flu hosp","2022-02-05","12","quantile",0.95,138
"2022-01-31","1 wk ahead inc flu hosp","2022-02-05","12","quantile",0.975,153
"2022-01-31","1 wk ahead inc flu hosp","2022-02-05","12","quantile",0.99,170
"2022-01-31","2 wk ahead inc flu hosp","2022-02-12","12","quantile",0.01,0
"2022-01-31","2 wk ahead inc flu hosp","2022-02-12","12","quantile",0.025,0
"2022-01-31","2 wk ahead inc flu hosp","2022-02-12","12","quantile",0.05,0
"2022-01-31","2 wk ahead inc flu hosp","2022-02-12","12","quantile",0.1,0
"2022-01-31","2 wk ahead inc flu hosp","2022-02-12","12","quantile",0.15,2
"2022-01-31","2 wk ahead inc flu hosp","2022-02-12","12","quantile",0.2,6
"2022-01-31","2 wk ahead inc flu hosp","2022-02-12","12","quantile",0.25,12
"2022-01-31","2 wk ahead inc flu hosp","2022-02-12","12","quantile",0.3,20
"2022-01-31","2 wk ahead inc flu hosp","2022-02-12","12","quantile",0.35,29
"2022-01-31","2 wk ahead inc flu hosp","2022-02-12","12","quantile",0.4,38
"2022-01-31","2 wk ahead inc flu hosp","2022-02-12","12","quantile",0.45,47
"2022-01-31","2 wk ahead inc flu hosp","2022-02-12","12","quantile",0.5,57
"2022-01-31","2 wk ahead inc flu hosp","2022-02-12","12","quantile",0.55,66
"2022-01-31","2 wk ahead inc flu hosp","2022-02-12","12","quantile",0.6,76
"2022-01-31","2 wk ahead inc flu hosp","2022-02-12","12","quantile",0.65,87
"2022-01-31","2 wk ahead inc flu hosp","2022-02-12","12","quantile",0.7,97
"2022-01-31","2 wk ahead inc flu hosp","2022-02-12","12","quantile",0.75,109
"2022-01-31","2 wk ahead inc flu hosp","2022-02-12","12","quantile",0.8,121
"2022-01-31","2 wk ahead inc flu hosp","2022-02-12","12","quantile",0.85,136
"2022-01-31","2 wk ahead inc flu hosp","2022-02-12","12","quantile",0.9,155
"2022-01-31","2 wk ahead inc flu hosp","2022-02-12","12","quantile",0.95,183
"2022-01-31","2 wk ahead inc flu hosp","2022-02-12","12","quantile",0.975,208
"2022-01-31","2 wk ahead inc flu hosp","2022-02-12","12","quantile",0.99,235
"2022-01-31","3 wk ahead inc flu hosp","2022-02-19","12","quantile",0.01,0
"2022-01-31","3 wk ahead inc flu hosp","2022-02-19","12","quantile",0.025,0
"2022-01-31","3 wk ahead inc flu hosp","2022-02-19","12","quantile",0.05,0
"2022-01-31","3 wk ahead inc flu hosp","2022-02-19","12","quantile",0.1,0
"2022-01-31","3 wk ahead inc flu hosp","2022-02-19","12","quantile",0.15,0
"2022-01-31","3 wk ahead inc flu hosp","2022-02-19","12","quantile",0.2,1
"2022-01-31","3 wk ahead inc flu hosp","2022-02-19","12","quantile",0.25,6
"2022-01-31","3 wk ahead inc flu hosp","2022-02-19","12","quantile",0.3,13
"2022-01-31","3 wk ahead inc flu hosp","2022-02-19","12","quantile",0.35,22
"2022-01-31","3 wk ahead inc flu hosp","2022-02-19","12","quantile",0.4,33
"2022-01-31","3 wk ahead inc flu hosp","2022-02-19","12","quantile",0.45,45
"2022-01-31","3 wk ahead inc flu hosp","2022-02-19","12","quantile",0.5,57
"2022-01-31","3 wk ahead inc flu hosp","2022-02-19","12","quantile",0.55,69
"2022-01-31","3 wk ahead inc flu hosp","2022-02-19","12","quantile",0.6,81
"2022-01-31","3 wk ahead inc flu hosp","2022-02-19","12","quantile",0.65,93
"2022-01-31","3 wk ahead inc flu hosp","2022-02-19","12","quantile",0.7,107
"2022-01-31","3 wk ahead inc flu hosp","2022-02-19","12","quantile",0.75,122
"2022-01-31","3 wk ahead inc flu hosp","2022-02-19","12","quantile",0.8,138
"2022-01-31","3 wk ahead inc flu hosp","2022-02-19","12","quantile",0.85,157
"2022-01-31","3 wk ahead inc flu hosp","2022-02-19","12","quantile",0.9,181
"2022-01-31","3 wk ahead inc flu hosp","2022-02-19","12","quantile",0.95,217
"2022-01-31","3 wk ahead inc flu hosp","2022-02-19","12","quantile",0.975,247
"2022-01-31","3 wk ahead inc flu hosp","2022-02-19","12","quantile",0.99,282
"2022-01-31","4 wk ahead inc flu hosp","2022-02-26","12","quantile",0.01,0
"2022-01-31","4 wk ahead inc flu hosp","2022-02-26","12","quantile",0.025,0
"2022-01-31","4 wk ahead inc flu hosp","2022-02-26","12","quantile",0.05,0
"2022-01-31","4 wk ahead inc flu hosp","2022-02-26","12","quantile",0.1,0
"2022-01-31","4 wk ahead inc flu hosp","2022-02-26","12","quantile",0.15,0
"2022-01-31","4 wk ahead inc flu hosp","2022-02-26","12","quantile",0.2,0
"2022-01-31","4 wk ahead inc flu hosp","2022-02-26","12","quantile",0.25,3
"2022-01-31","4 wk ahead inc flu hosp","2022-02-26","12","quantile",0.3,8
"2022-01-31","4 wk ahead inc flu hosp","2022-02-26","12","quantile",0.35,18
"2022-01-31","4 wk ahead inc flu hosp","2022-02-26","12","quantile",0.4,29
"2022-01-31","4 wk ahead inc flu hosp","2022-02-26","12","quantile",0.45,43
"2022-01-31","4 wk ahead inc flu hosp","2022-02-26","12","quantile",0.5,56
"2022-01-31","4 wk ahead inc flu hosp","2022-02-26","12","quantile",0.55,71
"2022-01-31","4 wk ahead inc flu hosp","2022-02-26","12","quantile",0.6,85
"2022-01-31","4 wk ahead inc flu hosp","2022-02-26","12","quantile",0.65,100
"2022-01-31","4 wk ahead inc flu hosp","2022-02-26","12","quantile",0.7,116
"2022-01-31","4 wk ahead inc flu hosp","2022-02-26","12","quantile",0.75,133
"2022-01-31","4 wk ahead inc flu hosp","2022-02-26","12","quantile",0.8,153
"2022-01-31","4 wk ahead inc flu hosp","2022-02-26","12","quantile",0.85,174
"2022-01-31","4 wk ahead inc flu hosp","2022-02-26","12","quantile",0.9,202
"2022-01-31","4 wk ahead inc flu hosp","2022-02-26","12","quantile",0.95,244
"2022-01-31","4 wk ahead inc flu hosp","2022-02-26","12","quantile",0.975,280
"2022-01-31","4 wk ahead inc flu hosp","2022-02-26","12","quantile",0.99,323
"2022-01-31","1 wk ahead inc flu hosp","2022-02-05","12","point",NA,56
"2022-01-31","2 wk ahead inc flu hosp","2022-02-12","12","point",NA,57
"2022-01-31","3 wk ahead inc flu hosp","2022-02-19","12","point",NA,57
"2022-01-31","4 wk ahead inc flu hosp","2022-02-26","12","point",NA,56
"2022-01-31","1 wk ahead inc flu hosp","2022-02-05","13","quantile",0.01,0
"2022-01-31","1 wk ahead inc flu hosp","2022-02-05","13","quantile",0.025,0
"2022-01-31","1 wk ahead inc flu hosp","2022-02-05","13","quantile",0.05,0
"2022-01-31","1 wk ahead inc flu hosp","2022-02-05","13","quantile",0.1,1
"2022-01-31","1 wk ahead inc flu hosp","2022-02-05","13","quantile",0.15,2
"2022-01-31","1 wk ahead inc flu hosp","2022-02-05","13","quantile",0.2,4
"2022-01-31","1 wk ahead inc flu hosp","2022-02-05","13","quantile",0.25,6
"2022-01-31","1 wk ahead inc flu hosp","2022-02-05","13","quantile",0.3,9
"2022-01-31","1 wk ahead inc flu hosp","2022-02-05","13","quantile",0.35,12
"2022-01-31","1 wk ahead inc flu hosp","2022-02-05","13","quantile",0.4,15
"2022-01-31","1 wk ahead inc flu hosp","2022-02-05","13","quantile",0.45,18
"2022-01-31","1 wk ahead inc flu hosp","2022-02-05","13","quantile",0.5,22
"2022-01-31","1 wk ahead inc flu hosp","2022-02-05","13","quantile",0.55,26
"2022-01-31","1 wk ahead inc flu hosp","2022-02-05","13","quantile",0.6,30
"2022-01-31","1 wk ahead inc flu hosp","2022-02-05","13","quantile",0.65,34
"2022-01-31","1 wk ahead inc flu hosp","2022-02-05","13","quantile",0.7,39
"2022-01-31","1 wk ahead inc flu hosp","2022-02-05","13","quantile",0.75,44
"2022-01-31","1 wk ahead inc flu hosp","2022-02-05","13","quantile",0.8,49
"2022-01-31","1 wk ahead inc flu hosp","2022-02-05","13","quantile",0.85,56
"2022-01-31","1 wk ahead inc flu hosp","2022-02-05","13","quantile",0.9,64
"2022-01-31","1 wk ahead inc flu hosp","2022-02-05","13","quantile",0.95,75
"2022-01-31","1 wk ahead inc flu hosp","2022-02-05","13","quantile",0.975,85
"2022-01-31","1 wk ahead inc flu hosp","2022-02-05","13","quantile",0.99,96
"2022-01-31","2 wk ahead inc flu hosp","2022-02-12","13","quantile",0.01,0
"2022-01-31","2 wk ahead inc flu hosp","2022-02-12","13","quantile",0.025,0
"2022-01-31","2 wk ahead inc flu hosp","2022-02-12","13","quantile",0.05,0
"2022-01-31","2 wk ahead inc flu hosp","2022-02-12","13","quantile",0.1,0
"2022-01-31","2 wk ahead inc flu hosp","2022-02-12","13","quantile",0.15,0
"2022-01-31","2 wk ahead inc flu hosp","2022-02-12","13","quantile",0.2,0
"2022-01-31","2 wk ahead inc flu hosp","2022-02-12","13","quantile",0.25,2
"2022-01-31","2 wk ahead inc flu hosp","2022-02-12","13","quantile",0.3,4
"2022-01-31","2 wk ahead inc flu hosp","2022-02-12","13","quantile",0.35,7
"2022-01-31","2 wk ahead inc flu hosp","2022-02-12","13","quantile",0.4,12
"2022-01-31","2 wk ahead inc flu hosp","2022-02-12","13","quantile",0.45,17
"2022-01-31","2 wk ahead inc flu hosp","2022-02-12","13","quantile",0.5,22
"2022-01-31","2 wk ahead inc flu hosp","2022-02-12","13","quantile",0.55,28
"2022-01-31","2 wk ahead inc flu hosp","2022-02-12","13","quantile",0.6,35
"2022-01-31","2 wk ahead inc flu hosp","2022-02-12","13","quantile",0.65,41
"2022-01-31","2 wk ahead inc flu hosp","2022-02-12","13","quantile",0.7,48
"2022-01-31","2 wk ahead inc flu hosp","2022-02-12","13","quantile",0.75,56
"2022-01-31","2 wk ahead inc flu hosp","2022-02-12","13","quantile",0.8,64
"2022-01-31","2 wk ahead inc flu hosp","2022-02-12","13","quantile",0.85,74
"2022-01-31","2 wk ahead inc flu hosp","2022-02-12","13","quantile",0.9,87
"2022-01-31","2 wk ahead inc flu hosp","2022-02-12","13","quantile",0.95,105
"2022-01-31","2 wk ahead inc flu hosp","2022-02-12","13","quantile",0.975,121
"2022-01-31","2 wk ahead inc flu hosp","2022-02-12","13","quantile",0.99,139
"2022-01-31","3 wk ahead inc flu hosp","2022-02-19","13","quantile",0.01,0
"2022-01-31","3 wk ahead inc flu hosp","2022-02-19","13","quantile",0.025,0
"2022-01-31","3 wk ahead inc flu hosp","2022-02-19","13","quantile",0.05,0
"2022-01-31","3 wk ahead inc flu hosp","2022-02-19","13","quantile",0.1,0
"2022-01-31","3 wk ahead inc flu hosp","2022-02-19","13","quantile",0.15,0
"2022-01-31","3 wk ahead inc flu hosp","2022-02-19","13","quantile",0.2,0
"2022-01-31","3 wk ahead inc flu hosp","2022-02-19","13","quantile",0.25,0
"2022-01-31","3 wk ahead inc flu hosp","2022-02-19","13","quantile",0.3,2
"2022-01-31","3 wk ahead inc flu hosp","2022-02-19","13","quantile",0.35,5
"2022-01-31","3 wk ahead inc flu hosp","2022-02-19","13","quantile",0.4,9
"2022-01-31","3 wk ahead inc flu hosp","2022-02-19","13","quantile",0.45,15
"2022-01-31","3 wk ahead inc flu hosp","2022-02-19","13","quantile",0.5,22
"2022-01-31","3 wk ahead inc flu hosp","2022-02-19","13","quantile",0.55,30
"2022-01-31","3 wk ahead inc flu hosp","2022-02-19","13","quantile",0.6,38
"2022-01-31","3 wk ahead inc flu hosp","2022-02-19","13","quantile",0.65,46
"2022-01-31","3 wk ahead inc flu hosp","2022-02-19","13","quantile",0.7,55
"2022-01-31","3 wk ahead inc flu hosp","2022-02-19","13","quantile",0.75,65
"2022-01-31","3 wk ahead inc flu hosp","2022-02-19","13","quantile",0.8,76
"2022-01-31","3 wk ahead inc flu hosp","2022-02-19","13","quantile",0.85,88
"2022-01-31","3 wk ahead inc flu hosp","2022-02-19","13","quantile",0.9,104
"2022-01-31","3 wk ahead inc flu hosp","2022-02-19","13","quantile",0.95,127
"2022-01-31","3 wk ahead inc flu hosp","2022-02-19","13","quantile",0.975,147
"2022-01-31","3 wk ahead inc flu hosp","2022-02-19","13","quantile",0.99,171
"2022-01-31","4 wk ahead inc flu hosp","2022-02-26","13","quantile",0.01,0
"2022-01-31","4 wk ahead inc flu hosp","2022-02-26","13","quantile",0.025,0
"2022-01-31","4 wk ahead inc flu hosp","2022-02-26","13","quantile",0.05,0
"2022-01-31","4 wk ahead inc flu hosp","2022-02-26","13","quantile",0.1,0
"2022-01-31","4 wk ahead inc flu hosp","2022-02-26","13","quantile",0.15,0
"2022-01-31","4 wk ahead inc flu hosp","2022-02-26","13","quantile",0.2,0
"2022-01-31","4 wk ahead inc flu hosp","2022-02-26","13","quantile",0.25,0
"2022-01-31","4 wk ahead inc flu hosp","2022-02-26","13","quantile",0.3,1
"2022-01-31","4 wk ahead inc flu hosp","2022-02-26","13","quantile",0.35,3
"2022-01-31","4 wk ahead inc flu hosp","2022-02-26","13","quantile",0.4,8
"2022-01-31","4 wk ahead inc flu hosp","2022-02-26","13","quantile",0.45,14
"2022-01-31","4 wk ahead inc flu hosp","2022-02-26","13","quantile",0.5,22
"2022-01-31","4 wk ahead inc flu hosp","2022-02-26","13","quantile",0.55,31
"2022-01-31","4 wk ahead inc flu hosp","2022-02-26","13","quantile",0.6,41
"2022-01-31","4 wk ahead inc flu hosp","2022-02-26","13","quantile",0.65,51
"2022-01-31","4 wk ahead inc flu hosp","2022-02-26","13","quantile",0.7,61
"2022-01-31","4 wk ahead inc flu hosp","2022-02-26","13","quantile",0.75,73
"2022-01-31","4 wk ahead inc flu hosp","2022-02-26","13","quantile",0.8,85
"2022-01-31","4 wk ahead inc flu hosp","2022-02-26","13","quantile",0.85,100
"2022-01-31","4 wk ahead inc flu hosp","2022-02-26","13","quantile",0.9,118
"2022-01-31","4 wk ahead inc flu hosp","2022-02-26","13","quantile",0.95,145
"2022-01-31","4 wk ahead inc flu hosp","2022-02-26","13","quantile",0.975,169
"2022-01-31","4 wk ahead inc flu hosp","2022-02-26","13","quantile",0.99,195
"2022-01-31","1 wk ahead inc flu hosp","2022-02-05","13","point",NA,22
"2022-01-31","2 wk ahead inc flu hosp","2022-02-12","13","point",NA,22
"2022-01-31","3 wk ahead inc flu hosp","2022-02-19","13","point",NA,22
"2022-01-31","4 wk ahead inc flu hosp","2022-02-26","13","point",NA,22
"2022-01-31","1 wk ahead inc flu hosp","2022-02-05","15","quantile",0.01,0
"2022-01-31","1 wk ahead inc flu hosp","2022-02-05","15","quantile",0.025,0
"2022-01-31","1 wk ahead inc flu hosp","2022-02-05","15","quantile",0.05,0
"2022-01-31","1 wk ahead inc flu hosp","2022-02-05","15","quantile",0.1,0
"2022-01-31","1 wk ahead inc flu hosp","2022-02-05","15","quantile",0.15,0
"2022-01-31","1 wk ahead inc flu hosp","2022-02-05","15","quantile",0.2,0
"2022-01-31","1 wk ahead inc flu hosp","2022-02-05","15","quantile",0.25,0
"2022-01-31","1 wk ahead inc flu hosp","2022-02-05","15","quantile",0.3,0
"2022-01-31","1 wk ahead inc flu hosp","2022-02-05","15","quantile",0.35,0
"2022-01-31","1 wk ahead inc flu hosp","2022-02-05","15","quantile",0.4,0
"2022-01-31","1 wk ahead inc flu hosp","2022-02-05","15","quantile",0.45,0
"2022-01-31","1 wk ahead inc flu hosp","2022-02-05","15","quantile",0.5,0
"2022-01-31","1 wk ahead inc flu hosp","2022-02-05","15","quantile",0.55,0
"2022-01-31","1 wk ahead inc flu hosp","2022-02-05","15","quantile",0.6,0
"2022-01-31","1 wk ahead inc flu hosp","2022-02-05","15","quantile",0.65,0
"2022-01-31","1 wk ahead inc flu hosp","2022-02-05","15","quantile",0.7,0
"2022-01-31","1 wk ahead inc flu hosp","2022-02-05","15","quantile",0.75,0
"2022-01-31","1 wk ahead inc flu hosp","2022-02-05","15","quantile",0.8,0
"2022-01-31","1 wk ahead inc flu hosp","2022-02-05","15","quantile",0.85,0
"2022-01-31","1 wk ahead inc flu hosp","2022-02-05","15","quantile",0.9,0
"2022-01-31","1 wk ahead inc flu hosp","2022-02-05","15","quantile",0.95,0
"2022-01-31","1 wk ahead inc flu hosp","2022-02-05","15","quantile",0.975,0
"2022-01-31","1 wk ahead inc flu hosp","2022-02-05","15","quantile",0.99,0
"2022-01-31","2 wk ahead inc flu hosp","2022-02-12","15","quantile",0.01,0
"2022-01-31","2 wk ahead inc flu hosp","2022-02-12","15","quantile",0.025,0
"2022-01-31","2 wk ahead inc flu hosp","2022-02-12","15","quantile",0.05,0
"2022-01-31","2 wk ahead inc flu hosp","2022-02-12","15","quantile",0.1,0
"2022-01-31","2 wk ahead inc flu hosp","2022-02-12","15","quantile",0.15,0
"2022-01-31","2 wk ahead inc flu hosp","2022-02-12","15","quantile",0.2,0
"2022-01-31","2 wk ahead inc flu hosp","2022-02-12","15","quantile",0.25,0
"2022-01-31","2 wk ahead inc flu hosp","2022-02-12","15","quantile",0.3,0
"2022-01-31","2 wk ahead inc flu hosp","2022-02-12","15","quantile",0.35,0
"2022-01-31","2 wk ahead inc flu hosp","2022-02-12","15","quantile",0.4,0
"2022-01-31","2 wk ahead inc flu hosp","2022-02-12","15","quantile",0.45,0
"2022-01-31","2 wk ahead inc flu hosp","2022-02-12","15","quantile",0.5,0
"2022-01-31","2 wk ahead inc flu hosp","2022-02-12","15","quantile",0.55,0
"2022-01-31","2 wk ahead inc flu hosp","2022-02-12","15","quantile",0.6,0
"2022-01-31","2 wk ahead inc flu hosp","2022-02-12","15","quantile",0.65,0
"2022-01-31","2 wk ahead inc flu hosp","2022-02-12","15","quantile",0.7,0
"2022-01-31","2 wk ahead inc flu hosp","2022-02-12","15","quantile",0.75,0
"2022-01-31","2 wk ahead inc flu hosp","2022-02-12","15","quantile",0.8,0
"2022-01-31","2 wk ahead inc flu hosp","2022-02-12","15","quantile",0.85,0
"2022-01-31","2 wk ahead inc flu hosp","2022-02-12","15","quantile",0.9,0
"2022-01-31","2 wk ahead inc flu hosp","2022-02-12","15","quantile",0.95,0
"2022-01-31","2 wk ahead inc flu hosp","2022-02-12","15","quantile",0.975,0
"2022-01-31","2 wk ahead inc flu hosp","2022-02-12","15","quantile",0.99,0
"2022-01-31","3 wk ahead inc flu hosp","2022-02-19","15","quantile",0.01,0
"2022-01-31","3 wk ahead inc flu hosp","2022-02-19","15","quantile",0.025,0
"2022-01-31","3 wk ahead inc flu hosp","2022-02-19","15","quantile",0.05,0
"2022-01-31","3 wk ahead inc flu hosp","2022-02-19","15","quantile",0.1,0
"2022-01-31","3 wk ahead inc flu hosp","2022-02-19","15","quantile",0.15,0
"2022-01-31","3 wk ahead inc flu hosp","2022-02-19","15","quantile",0.2,0
"2022-01-31","3 wk ahead inc flu hosp","2022-02-19","15","quantile",0.25,0
"2022-01-31","3 wk ahead inc flu hosp","2022-02-19","15","quantile",0.3,0
"2022-01-31","3 wk ahead inc flu hosp","2022-02-19","15","quantile",0.35,0
"2022-01-31","3 wk ahead inc flu hosp","2022-02-19","15","quantile",0.4,0
"2022-01-31","3 wk ahead inc flu hosp","2022-02-19","15","quantile",0.45,0
"2022-01-31","3 wk ahead inc flu hosp","2022-02-19","15","quantile",0.5,0
"2022-01-31","3 wk ahead inc flu hosp","2022-02-19","15","quantile",0.55,0
"2022-01-31","3 wk ahead inc flu hosp","2022-02-19","15","quantile",0.6,0
"2022-01-31","3 wk ahead inc flu hosp","2022-02-19","15","quantile",0.65,0
"2022-01-31","3 wk ahead inc flu hosp","2022-02-19","15","quantile",0.7,0
"2022-01-31","3 wk ahead inc flu hosp","2022-02-19","15","quantile",0.75,0
"2022-01-31","3 wk ahead inc flu hosp","2022-02-19","15","quantile",0.8,0
"2022-01-31","3 wk ahead inc flu hosp","2022-02-19","15","quantile",0.85,0
"2022-01-31","3 wk ahead inc flu hosp","2022-02-19","15","quantile",0.9,0
"2022-01-31","3 wk ahead inc flu hosp","2022-02-19","15","quantile",0.95,0
"2022-01-31","3 wk ahead inc flu hosp","2022-02-19","15","quantile",0.975,0
"2022-01-31","3 wk ahead inc flu hosp","2022-02-19","15","quantile",0.99,0
"2022-01-31","4 wk ahead inc flu hosp","2022-02-26","15","quantile",0.01,0
"2022-01-31","4 wk ahead inc flu hosp","2022-02-26","15","quantile",0.025,0
"2022-01-31","4 wk ahead inc flu hosp","2022-02-26","15","quantile",0.05,0
"2022-01-31","4 wk ahead inc flu hosp","2022-02-26","15","quantile",0.1,0
"2022-01-31","4 wk ahead inc flu hosp","2022-02-26","15","quantile",0.15,0
"2022-01-31","4 wk ahead inc flu hosp","2022-02-26","15","quantile",0.2,0
"2022-01-31","4 wk ahead inc flu hosp","2022-02-26","15","quantile",0.25,0
"2022-01-31","4 wk ahead inc flu hosp","2022-02-26","15","quantile",0.3,0
"2022-01-31","4 wk ahead inc flu hosp","2022-02-26","15","quantile",0.35,0
"2022-01-31","4 wk ahead inc flu hosp","2022-02-26","15","quantile",0.4,0
"2022-01-31","4 wk ahead inc flu hosp","2022-02-26","15","quantile",0.45,0
"2022-01-31","4 wk ahead inc flu hosp","2022-02-26","15","quantile",0.5,0
"2022-01-31","4 wk ahead inc flu hosp","2022-02-26","15","quantile",0.55,0
"2022-01-31","4 wk ahead inc flu hosp","2022-02-26","15","quantile",0.6,0
"2022-01-31","4 wk ahead inc flu hosp","2022-02-26","15","quantile",0.65,0
"2022-01-31","4 wk ahead inc flu hosp","2022-02-26","15","quantile",0.7,0
"2022-01-31","4 wk ahead inc flu hosp","2022-02-26","15","quantile",0.75,0
"2022-01-31","4 wk ahead inc flu hosp","2022-02-26","15","quantile",0.8,0
"2022-01-31","4 wk ahead inc flu hosp","2022-02-26","15","quantile",0.85,0
"2022-01-31","4 wk ahead inc flu hosp","2022-02-26","15","quantile",0.9,0
"2022-01-31","4 wk ahead inc flu hosp","2022-02-26","15","quantile",0.95,0
"2022-01-31","4 wk ahead inc flu hosp","2022-02-26","15","quantile",0.975,0
"2022-01-31","4 wk ahead inc flu hosp","2022-02-26","15","quantile",0.99,0
"2022-01-31","1 wk ahead inc flu hosp","2022-02-05","15","point",NA,0
"2022-01-31","2 wk ahead inc flu hosp","2022-02-12","15","point",NA,0
"2022-01-31","3 wk ahead inc flu hosp","2022-02-19","15","point",NA,0
"2022-01-31","4 wk ahead inc flu hosp","2022-02-26","15","point",NA,0
"2022-01-31","1 wk ahead inc flu hosp","2022-02-05","16","quantile",0.01,0
"2022-01-31","1 wk ahead inc flu hosp","2022-02-05","16","quantile",0.025,0
"2022-01-31","1 wk ahead inc flu hosp","2022-02-05","16","quantile",0.05,0
"2022-01-31","1 wk ahead inc flu hosp","2022-02-05","16","quantile",0.1,0
"2022-01-31","1 wk ahead inc flu hosp","2022-02-05","16","quantile",0.15,0
"2022-01-31","1 wk ahead inc flu hosp","2022-02-05","16","quantile",0.2,0
"2022-01-31","1 wk ahead inc flu hosp","2022-02-05","16","quantile",0.25,0
"2022-01-31","1 wk ahead inc flu hosp","2022-02-05","16","quantile",0.3,0
"2022-01-31","1 wk ahead inc flu hosp","2022-02-05","16","quantile",0.35,0
"2022-01-31","1 wk ahead inc flu hosp","2022-02-05","16","quantile",0.4,1
"2022-01-31","1 wk ahead inc flu hosp","2022-02-05","16","quantile",0.45,1
"2022-01-31","1 wk ahead inc flu hosp","2022-02-05","16","quantile",0.5,2
"2022-01-31","1 wk ahead inc flu hosp","2022-02-05","16","quantile",0.55,3
"2022-01-31","1 wk ahead inc flu hosp","2022-02-05","16","quantile",0.6,4
"2022-01-31","1 wk ahead inc flu hosp","2022-02-05","16","quantile",0.65,5
"2022-01-31","1 wk ahead inc flu hosp","2022-02-05","16","quantile",0.7,6
"2022-01-31","1 wk ahead inc flu hosp","2022-02-05","16","quantile",0.75,7
"2022-01-31","1 wk ahead inc flu hosp","2022-02-05","16","quantile",0.8,9
"2022-01-31","1 wk ahead inc flu hosp","2022-02-05","16","quantile",0.85,11
"2022-01-31","1 wk ahead inc flu hosp","2022-02-05","16","quantile",0.9,14
"2022-01-31","1 wk ahead inc flu hosp","2022-02-05","16","quantile",0.95,17
"2022-01-31","1 wk ahead inc flu hosp","2022-02-05","16","quantile",0.975,21
"2022-01-31","1 wk ahead inc flu hosp","2022-02-05","16","quantile",0.99,25
"2022-01-31","2 wk ahead inc flu hosp","2022-02-12","16","quantile",0.01,0
"2022-01-31","2 wk ahead inc flu hosp","2022-02-12","16","quantile",0.025,0
"2022-01-31","2 wk ahead inc flu hosp","2022-02-12","16","quantile",0.05,0
"2022-01-31","2 wk ahead inc flu hosp","2022-02-12","16","quantile",0.1,0
"2022-01-31","2 wk ahead inc flu hosp","2022-02-12","16","quantile",0.15,0
"2022-01-31","2 wk ahead inc flu hosp","2022-02-12","16","quantile",0.2,0
"2022-01-31","2 wk ahead inc flu hosp","2022-02-12","16","quantile",0.25,0
"2022-01-31","2 wk ahead inc flu hosp","2022-02-12","16","quantile",0.3,0
"2022-01-31","2 wk ahead inc flu hosp","2022-02-12","16","quantile",0.35,0
"2022-01-31","2 wk ahead inc flu hosp","2022-02-12","16","quantile",0.4,1
"2022-01-31","2 wk ahead inc flu hosp","2022-02-12","16","quantile",0.45,1
"2022-01-31","2 wk ahead inc flu hosp","2022-02-12","16","quantile",0.5,2
"2022-01-31","2 wk ahead inc flu hosp","2022-02-12","16","quantile",0.55,4
"2022-01-31","2 wk ahead inc flu hosp","2022-02-12","16","quantile",0.6,5
"2022-01-31","2 wk ahead inc flu hosp","2022-02-12","16","quantile",0.65,7
"2022-01-31","2 wk ahead inc flu hosp","2022-02-12","16","quantile",0.7,9
"2022-01-31","2 wk ahead inc flu hosp","2022-02-12","16","quantile",0.75,11
"2022-01-31","2 wk ahead inc flu hosp","2022-02-12","16","quantile",0.8,14
"2022-01-31","2 wk ahead inc flu hosp","2022-02-12","16","quantile",0.85,17
"2022-01-31","2 wk ahead inc flu hosp","2022-02-12","16","quantile",0.9,21
"2022-01-31","2 wk ahead inc flu hosp","2022-02-12","16","quantile",0.95,27
"2022-01-31","2 wk ahead inc flu hosp","2022-02-12","16","quantile",0.975,32
"2022-01-31","2 wk ahead inc flu hosp","2022-02-12","16","quantile",0.99,39
"2022-01-31","3 wk ahead inc flu hosp","2022-02-19","16","quantile",0.01,0
"2022-01-31","3 wk ahead inc flu hosp","2022-02-19","16","quantile",0.025,0
"2022-01-31","3 wk ahead inc flu hosp","2022-02-19","16","quantile",0.05,0
"2022-01-31","3 wk ahead inc flu hosp","2022-02-19","16","quantile",0.1,0
"2022-01-31","3 wk ahead inc flu hosp","2022-02-19","16","quantile",0.15,0
"2022-01-31","3 wk ahead inc flu hosp","2022-02-19","16","quantile",0.2,0
"2022-01-31","3 wk ahead inc flu hosp","2022-02-19","16","quantile",0.25,0
"2022-01-31","3 wk ahead inc flu hosp","2022-02-19","16","quantile",0.3,0
"2022-01-31","3 wk ahead inc flu hosp","2022-02-19","16","quantile",0.35,0
"2022-01-31","3 wk ahead inc flu hosp","2022-02-19","16","quantile",0.4,1
"2022-01-31","3 wk ahead inc flu hosp","2022-02-19","16","quantile",0.45,1
"2022-01-31","3 wk ahead inc flu hosp","2022-02-19","16","quantile",0.5,3
"2022-01-31","3 wk ahead inc flu hosp","2022-02-19","16","quantile",0.55,4
"2022-01-31","3 wk ahead inc flu hosp","2022-02-19","16","quantile",0.6,6
"2022-01-31","3 wk ahead inc flu hosp","2022-02-19","16","quantile",0.65,9
"2022-01-31","3 wk ahead inc flu hosp","2022-02-19","16","quantile",0.7,11
"2022-01-31","3 wk ahead inc flu hosp","2022-02-19","16","quantile",0.75,14
"2022-01-31","3 wk ahead inc flu hosp","2022-02-19","16","quantile",0.8,18
"2022-01-31","3 wk ahead inc flu hosp","2022-02-19","16","quantile",0.85,22
"2022-01-31","3 wk ahead inc flu hosp","2022-02-19","16","quantile",0.9,27
"2022-01-31","3 wk ahead inc flu hosp","2022-02-19","16","quantile",0.95,34
"2022-01-31","3 wk ahead inc flu hosp","2022-02-19","16","quantile",0.975,41
"2022-01-31","3 wk ahead inc flu hosp","2022-02-19","16","quantile",0.99,48
"2022-01-31","4 wk ahead inc flu hosp","2022-02-26","16","quantile",0.01,0
"2022-01-31","4 wk ahead inc flu hosp","2022-02-26","16","quantile",0.025,0
"2022-01-31","4 wk ahead inc flu hosp","2022-02-26","16","quantile",0.05,0
"2022-01-31","4 wk ahead inc flu hosp","2022-02-26","16","quantile",0.1,0
"2022-01-31","4 wk ahead inc flu hosp","2022-02-26","16","quantile",0.15,0
"2022-01-31","4 wk ahead inc flu hosp","2022-02-26","16","quantile",0.2,0
"2022-01-31","4 wk ahead inc flu hosp","2022-02-26","16","quantile",0.25,0
"2022-01-31","4 wk ahead inc flu hosp","2022-02-26","16","quantile",0.3,0
"2022-01-31","4 wk ahead inc flu hosp","2022-02-26","16","quantile",0.35,0
"2022-01-31","4 wk ahead inc flu hosp","2022-02-26","16","quantile",0.4,0
"2022-01-31","4 wk ahead inc flu hosp","2022-02-26","16","quantile",0.45,1
"2022-01-31","4 wk ahead inc flu hosp","2022-02-26","16","quantile",0.5,3
"2022-01-31","4 wk ahead inc flu hosp","2022-02-26","16","quantile",0.55,4
"2022-01-31","4 wk ahead inc flu hosp","2022-02-26","16","quantile",0.6,7
"2022-01-31","4 wk ahead inc flu hosp","2022-02-26","16","quantile",0.65,10
"2022-01-31","4 wk ahead inc flu hosp","2022-02-26","16","quantile",0.7,13
"2022-01-31","4 wk ahead inc flu hosp","2022-02-26","16","quantile",0.75,17
"2022-01-31","4 wk ahead inc flu hosp","2022-02-26","16","quantile",0.8,21
"2022-01-31","4 wk ahead inc flu hosp","2022-02-26","16","quantile",0.85,25
"2022-01-31","4 wk ahead inc flu hosp","2022-02-26","16","quantile",0.9,31
"2022-01-31","4 wk ahead inc flu hosp","2022-02-26","16","quantile",0.95,40
"2022-01-31","4 wk ahead inc flu hosp","2022-02-26","16","quantile",0.975,47
"2022-01-31","4 wk ahead inc flu hosp","2022-02-26","16","quantile",0.99,57
"2022-01-31","1 wk ahead inc flu hosp","2022-02-05","16","point",NA,2
"2022-01-31","2 wk ahead inc flu hosp","2022-02-12","16","point",NA,2
"2022-01-31","3 wk ahead inc flu hosp","2022-02-19","16","point",NA,3
"2022-01-31","4 wk ahead inc flu hosp","2022-02-26","16","point",NA,3
"2022-01-31","1 wk ahead inc flu hosp","2022-02-05","17","quantile",0.01,0
"2022-01-31","1 wk ahead inc flu hosp","2022-02-05","17","quantile",0.025,0
"2022-01-31","1 wk ahead inc flu hosp","2022-02-05","17","quantile",0.05,0
"2022-01-31","1 wk ahead inc flu hosp","2022-02-05","17","quantile",0.1,0
"2022-01-31","1 wk ahead inc flu hosp","2022-02-05","17","quantile",0.15,0
"2022-01-31","1 wk ahead inc flu hosp","2022-02-05","17","quantile",0.2,1
"2022-01-31","1 wk ahead inc flu hosp","2022-02-05","17","quantile",0.25,2
"2022-01-31","1 wk ahead inc flu hosp","2022-02-05","17","quantile",0.3,3
"2022-01-31","1 wk ahead inc flu hosp","2022-02-05","17","quantile",0.35,4
"2022-01-31","1 wk ahead inc flu hosp","2022-02-05","17","quantile",0.4,5
"2022-01-31","1 wk ahead inc flu hosp","2022-02-05","17","quantile",0.45,7
"2022-01-31","1 wk ahead inc flu hosp","2022-02-05","17","quantile",0.5,9
"2022-01-31","1 wk ahead inc flu hosp","2022-02-05","17","quantile",0.55,11
"2022-01-31","1 wk ahead inc flu hosp","2022-02-05","17","quantile",0.6,13
"2022-01-31","1 wk ahead inc flu hosp","2022-02-05","17","quantile",0.65,15
"2022-01-31","1 wk ahead inc flu hosp","2022-02-05","17","quantile",0.7,18
"2022-01-31","1 wk ahead inc flu hosp","2022-02-05","17","quantile",0.75,21
"2022-01-31","1 wk ahead inc flu hosp","2022-02-05","17","quantile",0.8,24
"2022-01-31","1 wk ahead inc flu hosp","2022-02-05","17","quantile",0.85,28
"2022-01-31","1 wk ahead inc flu hosp","2022-02-05","17","quantile",0.9,33
"2022-01-31","1 wk ahead inc flu hosp","2022-02-05","17","quantile",0.95,40
"2022-01-31","1 wk ahead inc flu hosp","2022-02-05","17","quantile",0.975,47
"2022-01-31","1 wk ahead inc flu hosp","2022-02-05","17","quantile",0.99,54
"2022-01-31","2 wk ahead inc flu hosp","2022-02-12","17","quantile",0.01,0
"2022-01-31","2 wk ahead inc flu hosp","2022-02-12","17","quantile",0.025,0
"2022-01-31","2 wk ahead inc flu hosp","2022-02-12","17","quantile",0.05,0
"2022-01-31","2 wk ahead inc flu hosp","2022-02-12","17","quantile",0.1,0
"2022-01-31","2 wk ahead inc flu hosp","2022-02-12","17","quantile",0.15,0
"2022-01-31","2 wk ahead inc flu hosp","2022-02-12","17","quantile",0.2,0
"2022-01-31","2 wk ahead inc flu hosp","2022-02-12","17","quantile",0.25,0
"2022-01-31","2 wk ahead inc flu hosp","2022-02-12","17","quantile",0.3,1
"2022-01-31","2 wk ahead inc flu hosp","2022-02-12","17","quantile",0.35,2
"2022-01-31","2 wk ahead inc flu hosp","2022-02-12","17","quantile",0.4,4
"2022-01-31","2 wk ahead inc flu hosp","2022-02-12","17","quantile",0.45,6
"2022-01-31","2 wk ahead inc flu hosp","2022-02-12","17","quantile",0.5,9
"2022-01-31","2 wk ahead inc flu hosp","2022-02-12","17","quantile",0.55,12
"2022-01-31","2 wk ahead inc flu hosp","2022-02-12","17","quantile",0.6,16
"2022-01-31","2 wk ahead inc flu hosp","2022-02-12","17","quantile",0.65,20
"2022-01-31","2 wk ahead inc flu hosp","2022-02-12","17","quantile",0.7,24
"2022-01-31","2 wk ahead inc flu hosp","2022-02-12","17","quantile",0.75,29
"2022-01-31","2 wk ahead inc flu hosp","2022-02-12","17","quantile",0.8,34
"2022-01-31","2 wk ahead inc flu hosp","2022-02-12","17","quantile",0.85,40
"2022-01-31","2 wk ahead inc flu hosp","2022-02-12","17","quantile",0.9,47
"2022-01-31","2 wk ahead inc flu hosp","2022-02-12","17","quantile",0.95,59
"2022-01-31","2 wk ahead inc flu hosp","2022-02-12","17","quantile",0.975,69
"2022-01-31","2 wk ahead inc flu hosp","2022-02-12","17","quantile",0.99,80
"2022-01-31","3 wk ahead inc flu hosp","2022-02-19","17","quantile",0.01,0
"2022-01-31","3 wk ahead inc flu hosp","2022-02-19","17","quantile",0.025,0
"2022-01-31","3 wk ahead inc flu hosp","2022-02-19","17","quantile",0.05,0
"2022-01-31","3 wk ahead inc flu hosp","2022-02-19","17","quantile",0.1,0
"2022-01-31","3 wk ahead inc flu hosp","2022-02-19","17","quantile",0.15,0
"2022-01-31","3 wk ahead inc flu hosp","2022-02-19","17","quantile",0.2,0
"2022-01-31","3 wk ahead inc flu hosp","2022-02-19","17","quantile",0.25,0
"2022-01-31","3 wk ahead inc flu hosp","2022-02-19","17","quantile",0.3,0
"2022-01-31","3 wk ahead inc flu hosp","2022-02-19","17","quantile",0.35,1
"2022-01-31","3 wk ahead inc flu hosp","2022-02-19","17","quantile",0.4,3
"2022-01-31","3 wk ahead inc flu hosp","2022-02-19","17","quantile",0.45,6
"2022-01-31","3 wk ahead inc flu hosp","2022-02-19","17","quantile",0.5,9
"2022-01-31","3 wk ahead inc flu hosp","2022-02-19","17","quantile",0.55,13
"2022-01-31","3 wk ahead inc flu hosp","2022-02-19","17","quantile",0.6,18
"2022-01-31","3 wk ahead inc flu hosp","2022-02-19","17","quantile",0.65,23
"2022-01-31","3 wk ahead inc flu hosp","2022-02-19","17","quantile",0.7,28
"2022-01-31","3 wk ahead inc flu hosp","2022-02-19","17","quantile",0.75,34
"2022-01-31","3 wk ahead inc flu hosp","2022-02-19","17","quantile",0.8,41
"2022-01-31","3 wk ahead inc flu hosp","2022-02-19","17","quantile",0.85,48
"2022-01-31","3 wk ahead inc flu hosp","2022-02-19","17","quantile",0.9,58
"2022-01-31","3 wk ahead inc flu hosp","2022-02-19","17","quantile",0.95,72
"2022-01-31","3 wk ahead inc flu hosp","2022-02-19","17","quantile",0.975,85
"2022-01-31","3 wk ahead inc flu hosp","2022-02-19","17","quantile",0.99,99
"2022-01-31","4 wk ahead inc flu hosp","2022-02-26","17","quantile",0.01,0
"2022-01-31","4 wk ahead inc flu hosp","2022-02-26","17","quantile",0.025,0
"2022-01-31","4 wk ahead inc flu hosp","2022-02-26","17","quantile",0.05,0
"2022-01-31","4 wk ahead inc flu hosp","2022-02-26","17","quantile",0.1,0
"2022-01-31","4 wk ahead inc flu hosp","2022-02-26","17","quantile",0.15,0
"2022-01-31","4 wk ahead inc flu hosp","2022-02-26","17","quantile",0.2,0
"2022-01-31","4 wk ahead inc flu hosp","2022-02-26","17","quantile",0.25,0
"2022-01-31","4 wk ahead inc flu hosp","2022-02-26","17","quantile",0.3,0
"2022-01-31","4 wk ahead inc flu hosp","2022-02-26","17","quantile",0.35,1
"2022-01-31","4 wk ahead inc flu hosp","2022-02-26","17","quantile",0.4,2
"2022-01-31","4 wk ahead inc flu hosp","2022-02-26","17","quantile",0.45,5
"2022-01-31","4 wk ahead inc flu hosp","2022-02-26","17","quantile",0.5,9
"2022-01-31","4 wk ahead inc flu hosp","2022-02-26","17","quantile",0.55,14
"2022-01-31","4 wk ahead inc flu hosp","2022-02-26","17","quantile",0.6,19
"2022-01-31","4 wk ahead inc flu hosp","2022-02-26","17","quantile",0.65,25
"2022-01-31","4 wk ahead inc flu hosp","2022-02-26","17","quantile",0.7,32
"2022-01-31","4 wk ahead inc flu hosp","2022-02-26","17","quantile",0.75,38
"2022-01-31","4 wk ahead inc flu hosp","2022-02-26","17","quantile",0.8,46
"2022-01-31","4 wk ahead inc flu hosp","2022-02-26","17","quantile",0.85,55
"2022-01-31","4 wk ahead inc flu hosp","2022-02-26","17","quantile",0.9,66
"2022-01-31","4 wk ahead inc flu hosp","2022-02-26","17","quantile",0.95,83
"2022-01-31","4 wk ahead inc flu hosp","2022-02-26","17","quantile",0.975,98
"2022-01-31","4 wk ahead inc flu hosp","2022-02-26","17","quantile",0.99,115
"2022-01-31","1 wk ahead inc flu hosp","2022-02-05","17","point",NA,9
"2022-01-31","2 wk ahead inc flu hosp","2022-02-12","17","point",NA,9
"2022-01-31","3 wk ahead inc flu hosp","2022-02-19","17","point",NA,9
"2022-01-31","4 wk ahead inc flu hosp","2022-02-26","17","point",NA,9
"2022-01-31","1 wk ahead inc flu hosp","2022-02-05","18","quantile",0.01,0
"2022-01-31","1 wk ahead inc flu hosp","2022-02-05","18","quantile",0.025,0
"2022-01-31","1 wk ahead inc flu hosp","2022-02-05","18","quantile",0.05,0
"2022-01-31","1 wk ahead inc flu hosp","2022-02-05","18","quantile",0.1,2
"2022-01-31","1 wk ahead inc flu hosp","2022-02-05","18","quantile",0.15,5
"2022-01-31","1 wk ahead inc flu hosp","2022-02-05","18","quantile",0.2,8
"2022-01-31","1 wk ahead inc flu hosp","2022-02-05","18","quantile",0.25,12
"2022-01-31","1 wk ahead inc flu hosp","2022-02-05","18","quantile",0.3,17
"2022-01-31","1 wk ahead inc flu hosp","2022-02-05","18","quantile",0.35,21
"2022-01-31","1 wk ahead inc flu hosp","2022-02-05","18","quantile",0.4,26
"2022-01-31","1 wk ahead inc flu hosp","2022-02-05","18","quantile",0.45,31
"2022-01-31","1 wk ahead inc flu hosp","2022-02-05","18","quantile",0.5,36
"2022-01-31","1 wk ahead inc flu hosp","2022-02-05","18","quantile",0.55,41
"2022-01-31","1 wk ahead inc flu hosp","2022-02-05","18","quantile",0.6,46
"2022-01-31","1 wk ahead inc flu hosp","2022-02-05","18","quantile",0.65,51
"2022-01-31","1 wk ahead inc flu hosp","2022-02-05","18","quantile",0.7,57
"2022-01-31","1 wk ahead inc flu hosp","2022-02-05","18","quantile",0.75,63
"2022-01-31","1 wk ahead inc flu hosp","2022-02-05","18","quantile",0.8,70
"2022-01-31","1 wk ahead inc flu hosp","2022-02-05","18","quantile",0.85,78
"2022-01-31","1 wk ahead inc flu hosp","2022-02-05","18","quantile",0.9,87
"2022-01-31","1 wk ahead inc flu hosp","2022-02-05","18","quantile",0.95,101
"2022-01-31","1 wk ahead inc flu hosp","2022-02-05","18","quantile",0.975,113
"2022-01-31","1 wk ahead inc flu hosp","2022-02-05","18","quantile",0.99,126
"2022-01-31","2 wk ahead inc flu hosp","2022-02-12","18","quantile",0.01,0
"2022-01-31","2 wk ahead inc flu hosp","2022-02-12","18","quantile",0.025,0
"2022-01-31","2 wk ahead inc flu hosp","2022-02-12","18","quantile",0.05,0
"2022-01-31","2 wk ahead inc flu hosp","2022-02-12","18","quantile",0.1,0
"2022-01-31","2 wk ahead inc flu hosp","2022-02-12","18","quantile",0.15,0
"2022-01-31","2 wk ahead inc flu hosp","2022-02-12","18","quantile",0.2,2
"2022-01-31","2 wk ahead inc flu hosp","2022-02-12","18","quantile",0.25,5
"2022-01-31","2 wk ahead inc flu hosp","2022-02-12","18","quantile",0.3,9
"2022-01-31","2 wk ahead inc flu hosp","2022-02-12","18","quantile",0.35,15
"2022-01-31","2 wk ahead inc flu hosp","2022-02-12","18","quantile",0.4,21
"2022-01-31","2 wk ahead inc flu hosp","2022-02-12","18","quantile",0.45,28
"2022-01-31","2 wk ahead inc flu hosp","2022-02-12","18","quantile",0.5,36
"2022-01-31","2 wk ahead inc flu hosp","2022-02-12","18","quantile",0.55,44
"2022-01-31","2 wk ahead inc flu hosp","2022-02-12","18","quantile",0.6,52
"2022-01-31","2 wk ahead inc flu hosp","2022-02-12","18","quantile",0.65,60
"2022-01-31","2 wk ahead inc flu hosp","2022-02-12","18","quantile",0.7,69
"2022-01-31","2 wk ahead inc flu hosp","2022-02-12","18","quantile",0.75,78
"2022-01-31","2 wk ahead inc flu hosp","2022-02-12","18","quantile",0.8,88
"2022-01-31","2 wk ahead inc flu hosp","2022-02-12","18","quantile",0.85,101
"2022-01-31","2 wk ahead inc flu hosp","2022-02-12","18","quantile",0.9,116
"2022-01-31","2 wk ahead inc flu hosp","2022-02-12","18","quantile",0.95,138
"2022-01-31","2 wk ahead inc flu hosp","2022-02-12","18","quantile",0.975,157
"2022-01-31","2 wk ahead inc flu hosp","2022-02-12","18","quantile",0.99,179
"2022-01-31","3 wk ahead inc flu hosp","2022-02-19","18","quantile",0.01,0
"2022-01-31","3 wk ahead inc flu hosp","2022-02-19","18","quantile",0.025,0
"2022-01-31","3 wk ahead inc flu hosp","2022-02-19","18","quantile",0.05,0
"2022-01-31","3 wk ahead inc flu hosp","2022-02-19","18","quantile",0.1,0
"2022-01-31","3 wk ahead inc flu hosp","2022-02-19","18","quantile",0.15,0
"2022-01-31","3 wk ahead inc flu hosp","2022-02-19","18","quantile",0.2,0
"2022-01-31","3 wk ahead inc flu hosp","2022-02-19","18","quantile",0.25,2
"2022-01-31","3 wk ahead inc flu hosp","2022-02-19","18","quantile",0.3,5
"2022-01-31","3 wk ahead inc flu hosp","2022-02-19","18","quantile",0.35,11
"2022-01-31","3 wk ahead inc flu hosp","2022-02-19","18","quantile",0.4,18
"2022-01-31","3 wk ahead inc flu hosp","2022-02-19","18","quantile",0.45,26
"2022-01-31","3 wk ahead inc flu hosp","2022-02-19","18","quantile",0.5,36
"2022-01-31","3 wk ahead inc flu hosp","2022-02-19","18","quantile",0.55,46
"2022-01-31","3 wk ahead inc flu hosp","2022-02-19","18","quantile",0.6,56
"2022-01-31","3 wk ahead inc flu hosp","2022-02-19","18","quantile",0.65,66
"2022-01-31","3 wk ahead inc flu hosp","2022-02-19","18","quantile",0.7,77
"2022-01-31","3 wk ahead inc flu hosp","2022-02-19","18","quantile",0.75,89
"2022-01-31","3 wk ahead inc flu hosp","2022-02-19","18","quantile",0.8,102
"2022-01-31","3 wk ahead inc flu hosp","2022-02-19","18","quantile",0.85,117
"2022-01-31","3 wk ahead inc flu hosp","2022-02-19","18","quantile",0.9,136
"2022-01-31","3 wk ahead inc flu hosp","2022-02-19","18","quantile",0.95,164
"2022-01-31","3 wk ahead inc flu hosp","2022-02-19","18","quantile",0.975,190
"2022-01-31","3 wk ahead inc flu hosp","2022-02-19","18","quantile",0.99,216
"2022-01-31","4 wk ahead inc flu hosp","2022-02-26","18","quantile",0.01,0
"2022-01-31","4 wk ahead inc flu hosp","2022-02-26","18","quantile",0.025,0
"2022-01-31","4 wk ahead inc flu hosp","2022-02-26","18","quantile",0.05,0
"2022-01-31","4 wk ahead inc flu hosp","2022-02-26","18","quantile",0.1,0
"2022-01-31","4 wk ahead inc flu hosp","2022-02-26","18","quantile",0.15,0
"2022-01-31","4 wk ahead inc flu hosp","2022-02-26","18","quantile",0.2,0
"2022-01-31","4 wk ahead inc flu hosp","2022-02-26","18","quantile",0.25,0
"2022-01-31","4 wk ahead inc flu hosp","2022-02-26","18","quantile",0.3,3
"2022-01-31","4 wk ahead inc flu hosp","2022-02-26","18","quantile",0.35,8
"2022-01-31","4 wk ahead inc flu hosp","2022-02-26","18","quantile",0.4,16
"2022-01-31","4 wk ahead inc flu hosp","2022-02-26","18","quantile",0.45,25
"2022-01-31","4 wk ahead inc flu hosp","2022-02-26","18","quantile",0.5,36
"2022-01-31","4 wk ahead inc flu hosp","2022-02-26","18","quantile",0.55,47
"2022-01-31","4 wk ahead inc flu hosp","2022-02-26","18","quantile",0.6,59
"2022-01-31","4 wk ahead inc flu hosp","2022-02-26","18","quantile",0.65,71
"2022-01-31","4 wk ahead inc flu hosp","2022-02-26","18","quantile",0.7,84
"2022-01-31","4 wk ahead inc flu hosp","2022-02-26","18","quantile",0.75,98
"2022-01-31","4 wk ahead inc flu hosp","2022-02-26","18","quantile",0.8,113
"2022-01-31","4 wk ahead inc flu hosp","2022-02-26","18","quantile",0.85,131
"2022-01-31","4 wk ahead inc flu hosp","2022-02-26","18","quantile",0.9,153
"2022-01-31","4 wk ahead inc flu hosp","2022-02-26","18","quantile",0.95,186
"2022-01-31","4 wk ahead inc flu hosp","2022-02-26","18","quantile",0.975,214
"2022-01-31","4 wk ahead inc flu hosp","2022-02-26","18","quantile",0.99,249
"2022-01-31","1 wk ahead inc flu hosp","2022-02-05","18","point",NA,36
"2022-01-31","2 wk ahead inc flu hosp","2022-02-12","18","point",NA,36
"2022-01-31","3 wk ahead inc flu hosp","2022-02-19","18","point",NA,36
"2022-01-31","4 wk ahead inc flu hosp","2022-02-26","18","point",NA,36
"2022-01-31","1 wk ahead inc flu hosp","2022-02-05","19","quantile",0.01,0
"2022-01-31","1 wk ahead inc flu hosp","2022-02-05","19","quantile",0.025,0
"2022-01-31","1 wk ahead inc flu hosp","2022-02-05","19","quantile",0.05,0
"2022-01-31","1 wk ahead inc flu hosp","2022-02-05","19","quantile",0.1,0
"2022-01-31","1 wk ahead inc flu hosp","2022-02-05","19","quantile",0.15,0
"2022-01-31","1 wk ahead inc flu hosp","2022-02-05","19","quantile",0.2,0
"2022-01-31","1 wk ahead inc flu hosp","2022-02-05","19","quantile",0.25,0
"2022-01-31","1 wk ahead inc flu hosp","2022-02-05","19","quantile",0.3,1
"2022-01-31","1 wk ahead inc flu hosp","2022-02-05","19","quantile",0.35,1
"2022-01-31","1 wk ahead inc flu hosp","2022-02-05","19","quantile",0.4,2
"2022-01-31","1 wk ahead inc flu hosp","2022-02-05","19","quantile",0.45,4
"2022-01-31","1 wk ahead inc flu hosp","2022-02-05","19","quantile",0.5,5
"2022-01-31","1 wk ahead inc flu hosp","2022-02-05","19","quantile",0.55,7
"2022-01-31","1 wk ahead inc flu hosp","2022-02-05","19","quantile",0.6,10
"2022-01-31","1 wk ahead inc flu hosp","2022-02-05","19","quantile",0.65,12
"2022-01-31","1 wk ahead inc flu hosp","2022-02-05","19","quantile",0.7,16
"2022-01-31","1 wk ahead inc flu hosp","2022-02-05","19","quantile",0.75,19
"2022-01-31","1 wk ahead inc flu hosp","2022-02-05","19","quantile",0.8,24
"2022-01-31","1 wk ahead inc flu hosp","2022-02-05","19","quantile",0.85,29
"2022-01-31","1 wk ahead inc flu hosp","2022-02-05","19","quantile",0.9,35
"2022-01-31","1 wk ahead inc flu hosp","2022-02-05","19","quantile",0.95,45
"2022-01-31","1 wk ahead inc flu hosp","2022-02-05","19","quantile",0.975,53
"2022-01-31","1 wk ahead inc flu hosp","2022-02-05","19","quantile",0.99,62
"2022-01-31","2 wk ahead inc flu hosp","2022-02-12","19","quantile",0.01,0
"2022-01-31","2 wk ahead inc flu hosp","2022-02-12","19","quantile",0.025,0
"2022-01-31","2 wk ahead inc flu hosp","2022-02-12","19","quantile",0.05,0
"2022-01-31","2 wk ahead inc flu hosp","2022-02-12","19","quantile",0.1,0
"2022-01-31","2 wk ahead inc flu hosp","2022-02-12","19","quantile",0.15,0
"2022-01-31","2 wk ahead inc flu hosp","2022-02-12","19","quantile",0.2,0
"2022-01-31","2 wk ahead inc flu hosp","2022-02-12","19","quantile",0.25,0
"2022-01-31","2 wk ahead inc flu hosp","2022-02-12","19","quantile",0.3,0
"2022-01-31","2 wk ahead inc flu hosp","2022-02-12","19","quantile",0.35,1
"2022-01-31","2 wk ahead inc flu hosp","2022-02-12","19","quantile",0.4,2
"2022-01-31","2 wk ahead inc flu hosp","2022-02-12","19","quantile",0.45,3
"2022-01-31","2 wk ahead inc flu hosp","2022-02-12","19","quantile",0.5,6
"2022-01-31","2 wk ahead inc flu hosp","2022-02-12","19","quantile",0.55,9
"2022-01-31","2 wk ahead inc flu hosp","2022-02-12","19","quantile",0.6,13
"2022-01-31","2 wk ahead inc flu hosp","2022-02-12","19","quantile",0.65,18
"2022-01-31","2 wk ahead inc flu hosp","2022-02-12","19","quantile",0.7,23
"2022-01-31","2 wk ahead inc flu hosp","2022-02-12","19","quantile",0.75,29
"2022-01-31","2 wk ahead inc flu hosp","2022-02-12","19","quantile",0.8,36
"2022-01-31","2 wk ahead inc flu hosp","2022-02-12","19","quantile",0.85,44
"2022-01-31","2 wk ahead inc flu hosp","2022-02-12","19","quantile",0.9,55
"2022-01-31","2 wk ahead inc flu hosp","2022-02-12","19","quantile",0.95,70
"2022-01-31","2 wk ahead inc flu hosp","2022-02-12","19","quantile",0.975,82
"2022-01-31","2 wk ahead inc flu hosp","2022-02-12","19","quantile",0.99,97
"2022-01-31","3 wk ahead inc flu hosp","2022-02-19","19","quantile",0.01,0
"2022-01-31","3 wk ahead inc flu hosp","2022-02-19","19","quantile",0.025,0
"2022-01-31","3 wk ahead inc flu hosp","2022-02-19","19","quantile",0.05,0
"2022-01-31","3 wk ahead inc flu hosp","2022-02-19","19","quantile",0.1,0
"2022-01-31","3 wk ahead inc flu hosp","2022-02-19","19","quantile",0.15,0
"2022-01-31","3 wk ahead inc flu hosp","2022-02-19","19","quantile",0.2,0
"2022-01-31","3 wk ahead inc flu hosp","2022-02-19","19","quantile",0.25,0
"2022-01-31","3 wk ahead inc flu hosp","2022-02-19","19","quantile",0.3,0
"2022-01-31","3 wk ahead inc flu hosp","2022-02-19","19","quantile",0.35,0
"2022-01-31","3 wk ahead inc flu hosp","2022-02-19","19","quantile",0.4,1
"2022-01-31","3 wk ahead inc flu hosp","2022-02-19","19","quantile",0.45,3
"2022-01-31","3 wk ahead inc flu hosp","2022-02-19","19","quantile",0.5,6
"2022-01-31","3 wk ahead inc flu hosp","2022-02-19","19","quantile",0.55,10
"2022-01-31","3 wk ahead inc flu hosp","2022-02-19","19","quantile",0.6,15
"2022-01-31","3 wk ahead inc flu hosp","2022-02-19","19","quantile",0.65,21
"2022-01-31","3 wk ahead inc flu hosp","2022-02-19","19","quantile",0.7,29
"2022-01-31","3 wk ahead inc flu hosp","2022-02-19","19","quantile",0.75,36
"2022-01-31","3 wk ahead inc flu hosp","2022-02-19","19","quantile",0.8,45
"2022-01-31","3 wk ahead inc flu hosp","2022-02-19","19","quantile",0.85,56
"2022-01-31","3 wk ahead inc flu hosp","2022-02-19","19","quantile",0.9,69
"2022-01-31","3 wk ahead inc flu hosp","2022-02-19","19","quantile",0.95,88
"2022-01-31","3 wk ahead inc flu hosp","2022-02-19","19","quantile",0.975,104
"2022-01-31","3 wk ahead inc flu hosp","2022-02-19","19","quantile",0.99,123
"2022-01-31","4 wk ahead inc flu hosp","2022-02-26","19","quantile",0.01,0
"2022-01-31","4 wk ahead inc flu hosp","2022-02-26","19","quantile",0.025,0
"2022-01-31","4 wk ahead inc flu hosp","2022-02-26","19","quantile",0.05,0
"2022-01-31","4 wk ahead inc flu hosp","2022-02-26","19","quantile",0.1,0
"2022-01-31","4 wk ahead inc flu hosp","2022-02-26","19","quantile",0.15,0
"2022-01-31","4 wk ahead inc flu hosp","2022-02-26","19","quantile",0.2,0
"2022-01-31","4 wk ahead inc flu hosp","2022-02-26","19","quantile",0.25,0
"2022-01-31","4 wk ahead inc flu hosp","2022-02-26","19","quantile",0.3,0
"2022-01-31","4 wk ahead inc flu hosp","2022-02-26","19","quantile",0.35,0
"2022-01-31","4 wk ahead inc flu hosp","2022-02-26","19","quantile",0.4,1
"2022-01-31","4 wk ahead inc flu hosp","2022-02-26","19","quantile",0.45,3
"2022-01-31","4 wk ahead inc flu hosp","2022-02-26","19","quantile",0.5,6
"2022-01-31","4 wk ahead inc flu hosp","2022-02-26","19","quantile",0.55,11
"2022-01-31","4 wk ahead inc flu hosp","2022-02-26","19","quantile",0.6,17
"2022-01-31","4 wk ahead inc flu hosp","2022-02-26","19","quantile",0.65,25
"2022-01-31","4 wk ahead inc flu hosp","2022-02-26","19","quantile",0.7,33
"2022-01-31","4 wk ahead inc flu hosp","2022-02-26","19","quantile",0.75,43
"2022-01-31","4 wk ahead inc flu hosp","2022-02-26","19","quantile",0.8,54
"2022-01-31","4 wk ahead inc flu hosp","2022-02-26","19","quantile",0.85,65
"2022-01-31","4 wk ahead inc flu hosp","2022-02-26","19","quantile",0.9,81
"2022-01-31","4 wk ahead inc flu hosp","2022-02-26","19","quantile",0.95,103
"2022-01-31","4 wk ahead inc flu hosp","2022-02-26","19","quantile",0.975,121
"2022-01-31","4 wk ahead inc flu hosp","2022-02-26","19","quantile",0.99,143
"2022-01-31","1 wk ahead inc flu hosp","2022-02-05","19","point",NA,5
"2022-01-31","2 wk ahead inc flu hosp","2022-02-12","19","point",NA,6
"2022-01-31","3 wk ahead inc flu hosp","2022-02-19","19","point",NA,6
"2022-01-31","4 wk ahead inc flu hosp","2022-02-26","19","point",NA,6
"2022-01-31","1 wk ahead inc flu hosp","2022-02-05","20","quantile",0.01,0
"2022-01-31","1 wk ahead inc flu hosp","2022-02-05","20","quantile",0.025,0
"2022-01-31","1 wk ahead inc flu hosp","2022-02-05","20","quantile",0.05,0
"2022-01-31","1 wk ahead inc flu hosp","2022-02-05","20","quantile",0.1,0
"2022-01-31","1 wk ahead inc flu hosp","2022-02-05","20","quantile",0.15,0
"2022-01-31","1 wk ahead inc flu hosp","2022-02-05","20","quantile",0.2,0
"2022-01-31","1 wk ahead inc flu hosp","2022-02-05","20","quantile",0.25,0
"2022-01-31","1 wk ahead inc flu hosp","2022-02-05","20","quantile",0.3,1
"2022-01-31","1 wk ahead inc flu hosp","2022-02-05","20","quantile",0.35,1
"2022-01-31","1 wk ahead inc flu hosp","2022-02-05","20","quantile",0.4,2
"2022-01-31","1 wk ahead inc flu hosp","2022-02-05","20","quantile",0.45,3
"2022-01-31","1 wk ahead inc flu hosp","2022-02-05","20","quantile",0.5,4
"2022-01-31","1 wk ahead inc flu hosp","2022-02-05","20","quantile",0.55,6
"2022-01-31","1 wk ahead inc flu hosp","2022-02-05","20","quantile",0.6,8
"2022-01-31","1 wk ahead inc flu hosp","2022-02-05","20","quantile",0.65,10
"2022-01-31","1 wk ahead inc flu hosp","2022-02-05","20","quantile",0.7,13
"2022-01-31","1 wk ahead inc flu hosp","2022-02-05","20","quantile",0.75,16
"2022-01-31","1 wk ahead inc flu hosp","2022-02-05","20","quantile",0.8,19
"2022-01-31","1 wk ahead inc flu hosp","2022-02-05","20","quantile",0.85,23
"2022-01-31","1 wk ahead inc flu hosp","2022-02-05","20","quantile",0.9,29
"2022-01-31","1 wk ahead inc flu hosp","2022-02-05","20","quantile",0.95,37
"2022-01-31","1 wk ahead inc flu hosp","2022-02-05","20","quantile",0.975,43
"2022-01-31","1 wk ahead inc flu hosp","2022-02-05","20","quantile",0.99,51
"2022-01-31","2 wk ahead inc flu hosp","2022-02-12","20","quantile",0.01,0
"2022-01-31","2 wk ahead inc flu hosp","2022-02-12","20","quantile",0.025,0
"2022-01-31","2 wk ahead inc flu hosp","2022-02-12","20","quantile",0.05,0
"2022-01-31","2 wk ahead inc flu hosp","2022-02-12","20","quantile",0.1,0
"2022-01-31","2 wk ahead inc flu hosp","2022-02-12","20","quantile",0.15,0
"2022-01-31","2 wk ahead inc flu hosp","2022-02-12","20","quantile",0.2,0
"2022-01-31","2 wk ahead inc flu hosp","2022-02-12","20","quantile",0.25,0
"2022-01-31","2 wk ahead inc flu hosp","2022-02-12","20","quantile",0.3,0
"2022-01-31","2 wk ahead inc flu hosp","2022-02-12","20","quantile",0.35,1
"2022-01-31","2 wk ahead inc flu hosp","2022-02-12","20","quantile",0.4,1
"2022-01-31","2 wk ahead inc flu hosp","2022-02-12","20","quantile",0.45,3
"2022-01-31","2 wk ahead inc flu hosp","2022-02-12","20","quantile",0.5,5
"2022-01-31","2 wk ahead inc flu hosp","2022-02-12","20","quantile",0.55,7
"2022-01-31","2 wk ahead inc flu hosp","2022-02-12","20","quantile",0.6,11
"2022-01-31","2 wk ahead inc flu hosp","2022-02-12","20","quantile",0.65,14
"2022-01-31","2 wk ahead inc flu hosp","2022-02-12","20","quantile",0.7,19
"2022-01-31","2 wk ahead inc flu hosp","2022-02-12","20","quantile",0.75,24
"2022-01-31","2 wk ahead inc flu hosp","2022-02-12","20","quantile",0.8,30
"2022-01-31","2 wk ahead inc flu hosp","2022-02-12","20","quantile",0.85,36
"2022-01-31","2 wk ahead inc flu hosp","2022-02-12","20","quantile",0.9,44
"2022-01-31","2 wk ahead inc flu hosp","2022-02-12","20","quantile",0.95,57
"2022-01-31","2 wk ahead inc flu hosp","2022-02-12","20","quantile",0.975,67
"2022-01-31","2 wk ahead inc flu hosp","2022-02-12","20","quantile",0.99,80
"2022-01-31","3 wk ahead inc flu hosp","2022-02-19","20","quantile",0.01,0
"2022-01-31","3 wk ahead inc flu hosp","2022-02-19","20","quantile",0.025,0
"2022-01-31","3 wk ahead inc flu hosp","2022-02-19","20","quantile",0.05,0
"2022-01-31","3 wk ahead inc flu hosp","2022-02-19","20","quantile",0.1,0
"2022-01-31","3 wk ahead inc flu hosp","2022-02-19","20","quantile",0.15,0
"2022-01-31","3 wk ahead inc flu hosp","2022-02-19","20","quantile",0.2,0
"2022-01-31","3 wk ahead inc flu hosp","2022-02-19","20","quantile",0.25,0
"2022-01-31","3 wk ahead inc flu hosp","2022-02-19","20","quantile",0.3,0
"2022-01-31","3 wk ahead inc flu hosp","2022-02-19","20","quantile",0.35,0
"2022-01-31","3 wk ahead inc flu hosp","2022-02-19","20","quantile",0.4,1
"2022-01-31","3 wk ahead inc flu hosp","2022-02-19","20","quantile",0.45,2
"2022-01-31","3 wk ahead inc flu hosp","2022-02-19","20","quantile",0.5,5
"2022-01-31","3 wk ahead inc flu hosp","2022-02-19","20","quantile",0.55,8
"2022-01-31","3 wk ahead inc flu hosp","2022-02-19","20","quantile",0.6,12
"2022-01-31","3 wk ahead inc flu hosp","2022-02-19","20","quantile",0.65,18
"2022-01-31","3 wk ahead inc flu hosp","2022-02-19","20","quantile",0.7,23
"2022-01-31","3 wk ahead inc flu hosp","2022-02-19","20","quantile",0.75,30
"2022-01-31","3 wk ahead inc flu hosp","2022-02-19","20","quantile",0.8,37
"2022-01-31","3 wk ahead inc flu hosp","2022-02-19","20","quantile",0.85,45
"2022-01-31","3 wk ahead inc flu hosp","2022-02-19","20","quantile",0.9,56
"2022-01-31","3 wk ahead inc flu hosp","2022-02-19","20","quantile",0.95,72
"2022-01-31","3 wk ahead inc flu hosp","2022-02-19","20","quantile",0.975,85
"2022-01-31","3 wk ahead inc flu hosp","2022-02-19","20","quantile",0.99,99
"2022-01-31","4 wk ahead inc flu hosp","2022-02-26","20","quantile",0.01,0
"2022-01-31","4 wk ahead inc flu hosp","2022-02-26","20","quantile",0.025,0
"2022-01-31","4 wk ahead inc flu hosp","2022-02-26","20","quantile",0.05,0
"2022-01-31","4 wk ahead inc flu hosp","2022-02-26","20","quantile",0.1,0
"2022-01-31","4 wk ahead inc flu hosp","2022-02-26","20","quantile",0.15,0
"2022-01-31","4 wk ahead inc flu hosp","2022-02-26","20","quantile",0.2,0
"2022-01-31","4 wk ahead inc flu hosp","2022-02-26","20","quantile",0.25,0
"2022-01-31","4 wk ahead inc flu hosp","2022-02-26","20","quantile",0.3,0
"2022-01-31","4 wk ahead inc flu hosp","2022-02-26","20","quantile",0.35,0
"2022-01-31","4 wk ahead inc flu hosp","2022-02-26","20","quantile",0.4,1
"2022-01-31","4 wk ahead inc flu hosp","2022-02-26","20","quantile",0.45,2
"2022-01-31","4 wk ahead inc flu hosp","2022-02-26","20","quantile",0.5,5
"2022-01-31","4 wk ahead inc flu hosp","2022-02-26","20","quantile",0.55,9
"2022-01-31","4 wk ahead inc flu hosp","2022-02-26","20","quantile",0.6,14
"2022-01-31","4 wk ahead inc flu hosp","2022-02-26","20","quantile",0.65,20
"2022-01-31","4 wk ahead inc flu hosp","2022-02-26","20","quantile",0.7,27
"2022-01-31","4 wk ahead inc flu hosp","2022-02-26","20","quantile",0.75,35
"2022-01-31","4 wk ahead inc flu hosp","2022-02-26","20","quantile",0.8,43
"2022-01-31","4 wk ahead inc flu hosp","2022-02-26","20","quantile",0.85,53
"2022-01-31","4 wk ahead inc flu hosp","2022-02-26","20","quantile",0.9,65
"2022-01-31","4 wk ahead inc flu hosp","2022-02-26","20","quantile",0.95,84
"2022-01-31","4 wk ahead inc flu hosp","2022-02-26","20","quantile",0.975,99
"2022-01-31","4 wk ahead inc flu hosp","2022-02-26","20","quantile",0.99,117
"2022-01-31","1 wk ahead inc flu hosp","2022-02-05","20","point",NA,4
"2022-01-31","2 wk ahead inc flu hosp","2022-02-12","20","point",NA,5
"2022-01-31","3 wk ahead inc flu hosp","2022-02-19","20","point",NA,5
"2022-01-31","4 wk ahead inc flu hosp","2022-02-26","20","point",NA,5
"2022-01-31","1 wk ahead inc flu hosp","2022-02-05","21","quantile",0.01,0
"2022-01-31","1 wk ahead inc flu hosp","2022-02-05","21","quantile",0.025,0
"2022-01-31","1 wk ahead inc flu hosp","2022-02-05","21","quantile",0.05,1
"2022-01-31","1 wk ahead inc flu hosp","2022-02-05","21","quantile",0.1,3
"2022-01-31","1 wk ahead inc flu hosp","2022-02-05","21","quantile",0.15,5
"2022-01-31","1 wk ahead inc flu hosp","2022-02-05","21","quantile",0.2,8
"2022-01-31","1 wk ahead inc flu hosp","2022-02-05","21","quantile",0.25,12
"2022-01-31","1 wk ahead inc flu hosp","2022-02-05","21","quantile",0.3,15
"2022-01-31","1 wk ahead inc flu hosp","2022-02-05","21","quantile",0.35,18
"2022-01-31","1 wk ahead inc flu hosp","2022-02-05","21","quantile",0.4,22
"2022-01-31","1 wk ahead inc flu hosp","2022-02-05","21","quantile",0.45,25
"2022-01-31","1 wk ahead inc flu hosp","2022-02-05","21","quantile",0.5,29
"2022-01-31","1 wk ahead inc flu hosp","2022-02-05","21","quantile",0.55,32
"2022-01-31","1 wk ahead inc flu hosp","2022-02-05","21","quantile",0.6,36
"2022-01-31","1 wk ahead inc flu hosp","2022-02-05","21","quantile",0.65,39
"2022-01-31","1 wk ahead inc flu hosp","2022-02-05","21","quantile",0.7,43
"2022-01-31","1 wk ahead inc flu hosp","2022-02-05","21","quantile",0.75,47
"2022-01-31","1 wk ahead inc flu hosp","2022-02-05","21","quantile",0.8,52
"2022-01-31","1 wk ahead inc flu hosp","2022-02-05","21","quantile",0.85,57
"2022-01-31","1 wk ahead inc flu hosp","2022-02-05","21","quantile",0.9,64
"2022-01-31","1 wk ahead inc flu hosp","2022-02-05","21","quantile",0.95,74
"2022-01-31","1 wk ahead inc flu hosp","2022-02-05","21","quantile",0.975,82
"2022-01-31","1 wk ahead inc flu hosp","2022-02-05","21","quantile",0.99,92
"2022-01-31","2 wk ahead inc flu hosp","2022-02-12","21","quantile",0.01,0
"2022-01-31","2 wk ahead inc flu hosp","2022-02-12","21","quantile",0.025,0
"2022-01-31","2 wk ahead inc flu hosp","2022-02-12","21","quantile",0.05,0
"2022-01-31","2 wk ahead inc flu hosp","2022-02-12","21","quantile",0.1,0
"2022-01-31","2 wk ahead inc flu hosp","2022-02-12","21","quantile",0.15,1
"2022-01-31","2 wk ahead inc flu hosp","2022-02-12","21","quantile",0.2,2
"2022-01-31","2 wk ahead inc flu hosp","2022-02-12","21","quantile",0.25,5
"2022-01-31","2 wk ahead inc flu hosp","2022-02-12","21","quantile",0.3,9
"2022-01-31","2 wk ahead inc flu hosp","2022-02-12","21","quantile",0.35,13
"2022-01-31","2 wk ahead inc flu hosp","2022-02-12","21","quantile",0.4,18
"2022-01-31","2 wk ahead inc flu hosp","2022-02-12","21","quantile",0.45,23
"2022-01-31","2 wk ahead inc flu hosp","2022-02-12","21","quantile",0.5,29
"2022-01-31","2 wk ahead inc flu hosp","2022-02-12","21","quantile",0.55,34
"2022-01-31","2 wk ahead inc flu hosp","2022-02-12","21","quantile",0.6,39
"2022-01-31","2 wk ahead inc flu hosp","2022-02-12","21","quantile",0.65,45
"2022-01-31","2 wk ahead inc flu hosp","2022-02-12","21","quantile",0.7,51
"2022-01-31","2 wk ahead inc flu hosp","2022-02-12","21","quantile",0.75,58
"2022-01-31","2 wk ahead inc flu hosp","2022-02-12","21","quantile",0.8,65
"2022-01-31","2 wk ahead inc flu hosp","2022-02-12","21","quantile",0.85,73
"2022-01-31","2 wk ahead inc flu hosp","2022-02-12","21","quantile",0.9,83
"2022-01-31","2 wk ahead inc flu hosp","2022-02-12","21","quantile",0.95,99
"2022-01-31","2 wk ahead inc flu hosp","2022-02-12","21","quantile",0.975,112
"2022-01-31","2 wk ahead inc flu hosp","2022-02-12","21","quantile",0.99,127
"2022-01-31","3 wk ahead inc flu hosp","2022-02-19","21","quantile",0.01,0
"2022-01-31","3 wk ahead inc flu hosp","2022-02-19","21","quantile",0.025,0
"2022-01-31","3 wk ahead inc flu hosp","2022-02-19","21","quantile",0.05,0
"2022-01-31","3 wk ahead inc flu hosp","2022-02-19","21","quantile",0.1,0
"2022-01-31","3 wk ahead inc flu hosp","2022-02-19","21","quantile",0.15,0
"2022-01-31","3 wk ahead inc flu hosp","2022-02-19","21","quantile",0.2,0
"2022-01-31","3 wk ahead inc flu hosp","2022-02-19","21","quantile",0.25,2
"2022-01-31","3 wk ahead inc flu hosp","2022-02-19","21","quantile",0.3,5
"2022-01-31","3 wk ahead inc flu hosp","2022-02-19","21","quantile",0.35,10
"2022-01-31","3 wk ahead inc flu hosp","2022-02-19","21","quantile",0.4,16
"2022-01-31","3 wk ahead inc flu hosp","2022-02-19","21","quantile",0.45,22
"2022-01-31","3 wk ahead inc flu hosp","2022-02-19","21","quantile",0.5,29
"2022-01-31","3 wk ahead inc flu hosp","2022-02-19","21","quantile",0.55,35
"2022-01-31","3 wk ahead inc flu hosp","2022-02-19","21","quantile",0.6,42
"2022-01-31","3 wk ahead inc flu hosp","2022-02-19","21","quantile",0.65,50
"2022-01-31","3 wk ahead inc flu hosp","2022-02-19","21","quantile",0.7,57
"2022-01-31","3 wk ahead inc flu hosp","2022-02-19","21","quantile",0.75,65
"2022-01-31","3 wk ahead inc flu hosp","2022-02-19","21","quantile",0.8,74
"2022-01-31","3 wk ahead inc flu hosp","2022-02-19","21","quantile",0.85,85
"2022-01-31","3 wk ahead inc flu hosp","2022-02-19","21","quantile",0.9,98
"2022-01-31","3 wk ahead inc flu hosp","2022-02-19","21","quantile",0.95,117
"2022-01-31","3 wk ahead inc flu hosp","2022-02-19","21","quantile",0.975,134
"2022-01-31","3 wk ahead inc flu hosp","2022-02-19","21","quantile",0.99,154
"2022-01-31","4 wk ahead inc flu hosp","2022-02-26","21","quantile",0.01,0
"2022-01-31","4 wk ahead inc flu hosp","2022-02-26","21","quantile",0.025,0
"2022-01-31","4 wk ahead inc flu hosp","2022-02-26","21","quantile",0.05,0
"2022-01-31","4 wk ahead inc flu hosp","2022-02-26","21","quantile",0.1,0
"2022-01-31","4 wk ahead inc flu hosp","2022-02-26","21","quantile",0.15,0
"2022-01-31","4 wk ahead inc flu hosp","2022-02-26","21","quantile",0.2,0
"2022-01-31","4 wk ahead inc flu hosp","2022-02-26","21","quantile",0.25,1
"2022-01-31","4 wk ahead inc flu hosp","2022-02-26","21","quantile",0.3,3
"2022-01-31","4 wk ahead inc flu hosp","2022-02-26","21","quantile",0.35,8
"2022-01-31","4 wk ahead inc flu hosp","2022-02-26","21","quantile",0.4,14
"2022-01-31","4 wk ahead inc flu hosp","2022-02-26","21","quantile",0.45,21
"2022-01-31","4 wk ahead inc flu hosp","2022-02-26","21","quantile",0.5,29
"2022-01-31","4 wk ahead inc flu hosp","2022-02-26","21","quantile",0.55,37
"2022-01-31","4 wk ahead inc flu hosp","2022-02-26","21","quantile",0.6,45
"2022-01-31","4 wk ahead inc flu hosp","2022-02-26","21","quantile",0.65,53
"2022-01-31","4 wk ahead inc flu hosp","2022-02-26","21","quantile",0.7,62
"2022-01-31","4 wk ahead inc flu hosp","2022-02-26","21","quantile",0.75,72
"2022-01-31","4 wk ahead inc flu hosp","2022-02-26","21","quantile",0.8,82
"2022-01-31","4 wk ahead inc flu hosp","2022-02-26","21","quantile",0.85,95
"2022-01-31","4 wk ahead inc flu hosp","2022-02-26","21","quantile",0.9,110
"2022-01-31","4 wk ahead inc flu hosp","2022-02-26","21","quantile",0.95,132
"2022-01-31","4 wk ahead inc flu hosp","2022-02-26","21","quantile",0.975,151
"2022-01-31","4 wk ahead inc flu hosp","2022-02-26","21","quantile",0.99,174
"2022-01-31","1 wk ahead inc flu hosp","2022-02-05","21","point",NA,29
"2022-01-31","2 wk ahead inc flu hosp","2022-02-12","21","point",NA,29
"2022-01-31","3 wk ahead inc flu hosp","2022-02-19","21","point",NA,29
"2022-01-31","4 wk ahead inc flu hosp","2022-02-26","21","point",NA,29
"2022-01-31","1 wk ahead inc flu hosp","2022-02-05","22","quantile",0.01,0
"2022-01-31","1 wk ahead inc flu hosp","2022-02-05","22","quantile",0.025,0
"2022-01-31","1 wk ahead inc flu hosp","2022-02-05","22","quantile",0.05,0
"2022-01-31","1 wk ahead inc flu hosp","2022-02-05","22","quantile",0.1,0
"2022-01-31","1 wk ahead inc flu hosp","2022-02-05","22","quantile",0.15,0
"2022-01-31","1 wk ahead inc flu hosp","2022-02-05","22","quantile",0.2,1
"2022-01-31","1 wk ahead inc flu hosp","2022-02-05","22","quantile",0.25,1
"2022-01-31","1 wk ahead inc flu hosp","2022-02-05","22","quantile",0.3,2
"2022-01-31","1 wk ahead inc flu hosp","2022-02-05","22","quantile",0.35,4
"2022-01-31","1 wk ahead inc flu hosp","2022-02-05","22","quantile",0.4,5
"2022-01-31","1 wk ahead inc flu hosp","2022-02-05","22","quantile",0.45,7
"2022-01-31","1 wk ahead inc flu hosp","2022-02-05","22","quantile",0.5,9
"2022-01-31","1 wk ahead inc flu hosp","2022-02-05","22","quantile",0.55,12
"2022-01-31","1 wk ahead inc flu hosp","2022-02-05","22","quantile",0.6,14
"2022-01-31","1 wk ahead inc flu hosp","2022-02-05","22","quantile",0.65,17
"2022-01-31","1 wk ahead inc flu hosp","2022-02-05","22","quantile",0.7,20
"2022-01-31","1 wk ahead inc flu hosp","2022-02-05","22","quantile",0.75,24
"2022-01-31","1 wk ahead inc flu hosp","2022-02-05","22","quantile",0.8,28
"2022-01-31","1 wk ahead inc flu hosp","2022-02-05","22","quantile",0.85,32
"2022-01-31","1 wk ahead inc flu hosp","2022-02-05","22","quantile",0.9,39
"2022-01-31","1 wk ahead inc flu hosp","2022-02-05","22","quantile",0.95,48
"2022-01-31","1 wk ahead inc flu hosp","2022-02-05","22","quantile",0.975,56
"2022-01-31","1 wk ahead inc flu hosp","2022-02-05","22","quantile",0.99,66
"2022-01-31","2 wk ahead inc flu hosp","2022-02-12","22","quantile",0.01,0
"2022-01-31","2 wk ahead inc flu hosp","2022-02-12","22","quantile",0.025,0
"2022-01-31","2 wk ahead inc flu hosp","2022-02-12","22","quantile",0.05,0
"2022-01-31","2 wk ahead inc flu hosp","2022-02-12","22","quantile",0.1,0
"2022-01-31","2 wk ahead inc flu hosp","2022-02-12","22","quantile",0.15,0
"2022-01-31","2 wk ahead inc flu hosp","2022-02-12","22","quantile",0.2,0
"2022-01-31","2 wk ahead inc flu hosp","2022-02-12","22","quantile",0.25,0
"2022-01-31","2 wk ahead inc flu hosp","2022-02-12","22","quantile",0.3,1
"2022-01-31","2 wk ahead inc flu hosp","2022-02-12","22","quantile",0.35,2
"2022-01-31","2 wk ahead inc flu hosp","2022-02-12","22","quantile",0.4,4
"2022-01-31","2 wk ahead inc flu hosp","2022-02-12","22","quantile",0.45,6
"2022-01-31","2 wk ahead inc flu hosp","2022-02-12","22","quantile",0.5,10
"2022-01-31","2 wk ahead inc flu hosp","2022-02-12","22","quantile",0.55,13
"2022-01-31","2 wk ahead inc flu hosp","2022-02-12","22","quantile",0.6,18
"2022-01-31","2 wk ahead inc flu hosp","2022-02-12","22","quantile",0.65,22
"2022-01-31","2 wk ahead inc flu hosp","2022-02-12","22","quantile",0.7,27
"2022-01-31","2 wk ahead inc flu hosp","2022-02-12","22","quantile",0.75,33
"2022-01-31","2 wk ahead inc flu hosp","2022-02-12","22","quantile",0.8,39
"2022-01-31","2 wk ahead inc flu hosp","2022-02-12","22","quantile",0.85,47
"2022-01-31","2 wk ahead inc flu hosp","2022-02-12","22","quantile",0.9,56
"2022-01-31","2 wk ahead inc flu hosp","2022-02-12","22","quantile",0.95,70
"2022-01-31","2 wk ahead inc flu hosp","2022-02-12","22","quantile",0.975,83
"2022-01-31","2 wk ahead inc flu hosp","2022-02-12","22","quantile",0.99,98
"2022-01-31","3 wk ahead inc flu hosp","2022-02-19","22","quantile",0.01,0
"2022-01-31","3 wk ahead inc flu hosp","2022-02-19","22","quantile",0.025,0
"2022-01-31","3 wk ahead inc flu hosp","2022-02-19","22","quantile",0.05,0
"2022-01-31","3 wk ahead inc flu hosp","2022-02-19","22","quantile",0.1,0
"2022-01-31","3 wk ahead inc flu hosp","2022-02-19","22","quantile",0.15,0
"2022-01-31","3 wk ahead inc flu hosp","2022-02-19","22","quantile",0.2,0
"2022-01-31","3 wk ahead inc flu hosp","2022-02-19","22","quantile",0.25,0
"2022-01-31","3 wk ahead inc flu hosp","2022-02-19","22","quantile",0.3,0
"2022-01-31","3 wk ahead inc flu hosp","2022-02-19","22","quantile",0.35,1
"2022-01-31","3 wk ahead inc flu hosp","2022-02-19","22","quantile",0.4,3
"2022-01-31","3 wk ahead inc flu hosp","2022-02-19","22","quantile",0.45,6
"2022-01-31","3 wk ahead inc flu hosp","2022-02-19","22","quantile",0.5,10
"2022-01-31","3 wk ahead inc flu hosp","2022-02-19","22","quantile",0.55,14
"2022-01-31","3 wk ahead inc flu hosp","2022-02-19","22","quantile",0.6,20
"2022-01-31","3 wk ahead inc flu hosp","2022-02-19","22","quantile",0.65,26
"2022-01-31","3 wk ahead inc flu hosp","2022-02-19","22","quantile",0.7,32
"2022-01-31","3 wk ahead inc flu hosp","2022-02-19","22","quantile",0.75,39
"2022-01-31","3 wk ahead inc flu hosp","2022-02-19","22","quantile",0.8,48
"2022-01-31","3 wk ahead inc flu hosp","2022-02-19","22","quantile",0.85,57
"2022-01-31","3 wk ahead inc flu hosp","2022-02-19","22","quantile",0.9,69
"2022-01-31","3 wk ahead inc flu hosp","2022-02-19","22","quantile",0.95,87
"2022-01-31","3 wk ahead inc flu hosp","2022-02-19","22","quantile",0.975,102
"2022-01-31","3 wk ahead inc flu hosp","2022-02-19","22","quantile",0.99,121
"2022-01-31","4 wk ahead inc flu hosp","2022-02-26","22","quantile",0.01,0
"2022-01-31","4 wk ahead inc flu hosp","2022-02-26","22","quantile",0.025,0
"2022-01-31","4 wk ahead inc flu hosp","2022-02-26","22","quantile",0.05,0
"2022-01-31","4 wk ahead inc flu hosp","2022-02-26","22","quantile",0.1,0
"2022-01-31","4 wk ahead inc flu hosp","2022-02-26","22","quantile",0.15,0
"2022-01-31","4 wk ahead inc flu hosp","2022-02-26","22","quantile",0.2,0
"2022-01-31","4 wk ahead inc flu hosp","2022-02-26","22","quantile",0.25,0
"2022-01-31","4 wk ahead inc flu hosp","2022-02-26","22","quantile",0.3,0
"2022-01-31","4 wk ahead inc flu hosp","2022-02-26","22","quantile",0.35,0
"2022-01-31","4 wk ahead inc flu hosp","2022-02-26","22","quantile",0.4,2
"2022-01-31","4 wk ahead inc flu hosp","2022-02-26","22","quantile",0.45,5
"2022-01-31","4 wk ahead inc flu hosp","2022-02-26","22","quantile",0.5,10
"2022-01-31","4 wk ahead inc flu hosp","2022-02-26","22","quantile",0.55,15
"2022-01-31","4 wk ahead inc flu hosp","2022-02-26","22","quantile",0.6,22
"2022-01-31","4 wk ahead inc flu hosp","2022-02-26","22","quantile",0.65,29
"2022-01-31","4 wk ahead inc flu hosp","2022-02-26","22","quantile",0.7,37
"2022-01-31","4 wk ahead inc flu hosp","2022-02-26","22","quantile",0.75,45
"2022-01-31","4 wk ahead inc flu hosp","2022-02-26","22","quantile",0.8,55
"2022-01-31","4 wk ahead inc flu hosp","2022-02-26","22","quantile",0.85,66
"2022-01-31","4 wk ahead inc flu hosp","2022-02-26","22","quantile",0.9,79
"2022-01-31","4 wk ahead inc flu hosp","2022-02-26","22","quantile",0.95,100
"2022-01-31","4 wk ahead inc flu hosp","2022-02-26","22","quantile",0.975,118
"2022-01-31","4 wk ahead inc flu hosp","2022-02-26","22","quantile",0.99,140
"2022-01-31","1 wk ahead inc flu hosp","2022-02-05","22","point",NA,9
"2022-01-31","2 wk ahead inc flu hosp","2022-02-12","22","point",NA,10
"2022-01-31","3 wk ahead inc flu hosp","2022-02-19","22","point",NA,10
"2022-01-31","4 wk ahead inc flu hosp","2022-02-26","22","point",NA,10
"2022-01-31","1 wk ahead inc flu hosp","2022-02-05","23","quantile",0.01,0
"2022-01-31","1 wk ahead inc flu hosp","2022-02-05","23","quantile",0.025,0
"2022-01-31","1 wk ahead inc flu hosp","2022-02-05","23","quantile",0.05,0
"2022-01-31","1 wk ahead inc flu hosp","2022-02-05","23","quantile",0.1,0
"2022-01-31","1 wk ahead inc flu hosp","2022-02-05","23","quantile",0.15,0
"2022-01-31","1 wk ahead inc flu hosp","2022-02-05","23","quantile",0.2,0
"2022-01-31","1 wk ahead inc flu hosp","2022-02-05","23","quantile",0.25,0
"2022-01-31","1 wk ahead inc flu hosp","2022-02-05","23","quantile",0.3,0
"2022-01-31","1 wk ahead inc flu hosp","2022-02-05","23","quantile",0.35,0
"2022-01-31","1 wk ahead inc flu hosp","2022-02-05","23","quantile",0.4,0
"2022-01-31","1 wk ahead inc flu hosp","2022-02-05","23","quantile",0.45,0
"2022-01-31","1 wk ahead inc flu hosp","2022-02-05","23","quantile",0.5,0
"2022-01-31","1 wk ahead inc flu hosp","2022-02-05","23","quantile",0.55,0
"2022-01-31","1 wk ahead inc flu hosp","2022-02-05","23","quantile",0.6,1
"2022-01-31","1 wk ahead inc flu hosp","2022-02-05","23","quantile",0.65,2
"2022-01-31","1 wk ahead inc flu hosp","2022-02-05","23","quantile",0.7,2
"2022-01-31","1 wk ahead inc flu hosp","2022-02-05","23","quantile",0.75,3
"2022-01-31","1 wk ahead inc flu hosp","2022-02-05","23","quantile",0.8,4
"2022-01-31","1 wk ahead inc flu hosp","2022-02-05","23","quantile",0.85,6
"2022-01-31","1 wk ahead inc flu hosp","2022-02-05","23","quantile",0.9,7
"2022-01-31","1 wk ahead inc flu hosp","2022-02-05","23","quantile",0.95,8
"2022-01-31","1 wk ahead inc flu hosp","2022-02-05","23","quantile",0.975,11
"2022-01-31","1 wk ahead inc flu hosp","2022-02-05","23","quantile",0.99,13
"2022-01-31","2 wk ahead inc flu hosp","2022-02-12","23","quantile",0.01,0
"2022-01-31","2 wk ahead inc flu hosp","2022-02-12","23","quantile",0.025,0
"2022-01-31","2 wk ahead inc flu hosp","2022-02-12","23","quantile",0.05,0
"2022-01-31","2 wk ahead inc flu hosp","2022-02-12","23","quantile",0.1,0
"2022-01-31","2 wk ahead inc flu hosp","2022-02-12","23","quantile",0.15,0
"2022-01-31","2 wk ahead inc flu hosp","2022-02-12","23","quantile",0.2,0
"2022-01-31","2 wk ahead inc flu hosp","2022-02-12","23","quantile",0.25,0
"2022-01-31","2 wk ahead inc flu hosp","2022-02-12","23","quantile",0.3,0
"2022-01-31","2 wk ahead inc flu hosp","2022-02-12","23","quantile",0.35,0
"2022-01-31","2 wk ahead inc flu hosp","2022-02-12","23","quantile",0.4,0
"2022-01-31","2 wk ahead inc flu hosp","2022-02-12","23","quantile",0.45,0
"2022-01-31","2 wk ahead inc flu hosp","2022-02-12","23","quantile",0.5,1
"2022-01-31","2 wk ahead inc flu hosp","2022-02-12","23","quantile",0.55,1
"2022-01-31","2 wk ahead inc flu hosp","2022-02-12","23","quantile",0.6,2
"2022-01-31","2 wk ahead inc flu hosp","2022-02-12","23","quantile",0.65,3
"2022-01-31","2 wk ahead inc flu hosp","2022-02-12","23","quantile",0.7,4
"2022-01-31","2 wk ahead inc flu hosp","2022-02-12","23","quantile",0.75,6
"2022-01-31","2 wk ahead inc flu hosp","2022-02-12","23","quantile",0.8,7
"2022-01-31","2 wk ahead inc flu hosp","2022-02-12","23","quantile",0.85,8
"2022-01-31","2 wk ahead inc flu hosp","2022-02-12","23","quantile",0.9,10
"2022-01-31","2 wk ahead inc flu hosp","2022-02-12","23","quantile",0.95,14
"2022-01-31","2 wk ahead inc flu hosp","2022-02-12","23","quantile",0.975,16
"2022-01-31","2 wk ahead inc flu hosp","2022-02-12","23","quantile",0.99,20
"2022-01-31","3 wk ahead inc flu hosp","2022-02-19","23","quantile",0.01,0
"2022-01-31","3 wk ahead inc flu hosp","2022-02-19","23","quantile",0.025,0
"2022-01-31","3 wk ahead inc flu hosp","2022-02-19","23","quantile",0.05,0
"2022-01-31","3 wk ahead inc flu hosp","2022-02-19","23","quantile",0.1,0
"2022-01-31","3 wk ahead inc flu hosp","2022-02-19","23","quantile",0.15,0
"2022-01-31","3 wk ahead inc flu hosp","2022-02-19","23","quantile",0.2,0
"2022-01-31","3 wk ahead inc flu hosp","2022-02-19","23","quantile",0.25,0
"2022-01-31","3 wk ahead inc flu hosp","2022-02-19","23","quantile",0.3,0
"2022-01-31","3 wk ahead inc flu hosp","2022-02-19","23","quantile",0.35,0
"2022-01-31","3 wk ahead inc flu hosp","2022-02-19","23","quantile",0.4,0
"2022-01-31","3 wk ahead inc flu hosp","2022-02-19","23","quantile",0.45,1
"2022-01-31","3 wk ahead inc flu hosp","2022-02-19","23","quantile",0.5,1
"2022-01-31","3 wk ahead inc flu hosp","2022-02-19","23","quantile",0.55,2
"2022-01-31","3 wk ahead inc flu hosp","2022-02-19","23","quantile",0.6,3
"2022-01-31","3 wk ahead inc flu hosp","2022-02-19","23","quantile",0.65,4
"2022-01-31","3 wk ahead inc flu hosp","2022-02-19","23","quantile",0.7,6
"2022-01-31","3 wk ahead inc flu hosp","2022-02-19","23","quantile",0.75,7
"2022-01-31","3 wk ahead inc flu hosp","2022-02-19","23","quantile",0.8,8
"2022-01-31","3 wk ahead inc flu hosp","2022-02-19","23","quantile",0.85,11
"2022-01-31","3 wk ahead inc flu hosp","2022-02-19","23","quantile",0.9,13
"2022-01-31","3 wk ahead inc flu hosp","2022-02-19","23","quantile",0.95,17
"2022-01-31","3 wk ahead inc flu hosp","2022-02-19","23","quantile",0.975,20
"2022-01-31","3 wk ahead inc flu hosp","2022-02-19","23","quantile",0.99,24
"2022-01-31","4 wk ahead inc flu hosp","2022-02-26","23","quantile",0.01,0
"2022-01-31","4 wk ahead inc flu hosp","2022-02-26","23","quantile",0.025,0
"2022-01-31","4 wk ahead inc flu hosp","2022-02-26","23","quantile",0.05,0
"2022-01-31","4 wk ahead inc flu hosp","2022-02-26","23","quantile",0.1,0
"2022-01-31","4 wk ahead inc flu hosp","2022-02-26","23","quantile",0.15,0
"2022-01-31","4 wk ahead inc flu hosp","2022-02-26","23","quantile",0.2,0
"2022-01-31","4 wk ahead inc flu hosp","2022-02-26","23","quantile",0.25,0
"2022-01-31","4 wk ahead inc flu hosp","2022-02-26","23","quantile",0.3,0
"2022-01-31","4 wk ahead inc flu hosp","2022-02-26","23","quantile",0.35,0
"2022-01-31","4 wk ahead inc flu hosp","2022-02-26","23","quantile",0.4,0
"2022-01-31","4 wk ahead inc flu hosp","2022-02-26","23","quantile",0.45,1
"2022-01-31","4 wk ahead inc flu hosp","2022-02-26","23","quantile",0.5,1
"2022-01-31","4 wk ahead inc flu hosp","2022-02-26","23","quantile",0.55,2
"2022-01-31","4 wk ahead inc flu hosp","2022-02-26","23","quantile",0.6,4
"2022-01-31","4 wk ahead inc flu hosp","2022-02-26","23","quantile",0.65,5
"2022-01-31","4 wk ahead inc flu hosp","2022-02-26","23","quantile",0.7,7
"2022-01-31","4 wk ahead inc flu hosp","2022-02-26","23","quantile",0.75,8
"2022-01-31","4 wk ahead inc flu hosp","2022-02-26","23","quantile",0.8,10
"2022-01-31","4 wk ahead inc flu hosp","2022-02-26","23","quantile",0.85,12
"2022-01-31","4 wk ahead inc flu hosp","2022-02-26","23","quantile",0.9,15
"2022-01-31","4 wk ahead inc flu hosp","2022-02-26","23","quantile",0.95,20
"2022-01-31","4 wk ahead inc flu hosp","2022-02-26","23","quantile",0.975,23
"2022-01-31","4 wk ahead inc flu hosp","2022-02-26","23","quantile",0.99,28
"2022-01-31","1 wk ahead inc flu hosp","2022-02-05","23","point",NA,0
"2022-01-31","2 wk ahead inc flu hosp","2022-02-12","23","point",NA,1
"2022-01-31","3 wk ahead inc flu hosp","2022-02-19","23","point",NA,1
"2022-01-31","4 wk ahead inc flu hosp","2022-02-26","23","point",NA,1
"2022-01-31","1 wk ahead inc flu hosp","2022-02-05","24","quantile",0.01,0
"2022-01-31","1 wk ahead inc flu hosp","2022-02-05","24","quantile",0.025,0
"2022-01-31","1 wk ahead inc flu hosp","2022-02-05","24","quantile",0.05,1
"2022-01-31","1 wk ahead inc flu hosp","2022-02-05","24","quantile",0.1,2
"2022-01-31","1 wk ahead inc flu hosp","2022-02-05","24","quantile",0.15,4
"2022-01-31","1 wk ahead inc flu hosp","2022-02-05","24","quantile",0.2,6
"2022-01-31","1 wk ahead inc flu hosp","2022-02-05","24","quantile",0.25,7
"2022-01-31","1 wk ahead inc flu hosp","2022-02-05","24","quantile",0.3,9
"2022-01-31","1 wk ahead inc flu hosp","2022-02-05","24","quantile",0.35,10
"2022-01-31","1 wk ahead inc flu hosp","2022-02-05","24","quantile",0.4,12
"2022-01-31","1 wk ahead inc flu hosp","2022-02-05","24","quantile",0.45,13
"2022-01-31","1 wk ahead inc flu hosp","2022-02-05","24","quantile",0.5,14
"2022-01-31","1 wk ahead inc flu hosp","2022-02-05","24","quantile",0.55,16
"2022-01-31","1 wk ahead inc flu hosp","2022-02-05","24","quantile",0.6,17
"2022-01-31","1 wk ahead inc flu hosp","2022-02-05","24","quantile",0.65,19
"2022-01-31","1 wk ahead inc flu hosp","2022-02-05","24","quantile",0.7,20
"2022-01-31","1 wk ahead inc flu hosp","2022-02-05","24","quantile",0.75,22
"2022-01-31","1 wk ahead inc flu hosp","2022-02-05","24","quantile",0.8,24
"2022-01-31","1 wk ahead inc flu hosp","2022-02-05","24","quantile",0.85,26
"2022-01-31","1 wk ahead inc flu hosp","2022-02-05","24","quantile",0.9,29
"2022-01-31","1 wk ahead inc flu hosp","2022-02-05","24","quantile",0.95,33
"2022-01-31","1 wk ahead inc flu hosp","2022-02-05","24","quantile",0.975,37
"2022-01-31","1 wk ahead inc flu hosp","2022-02-05","24","quantile",0.99,41
"2022-01-31","2 wk ahead inc flu hosp","2022-02-12","24","quantile",0.01,0
"2022-01-31","2 wk ahead inc flu hosp","2022-02-12","24","quantile",0.025,0
"2022-01-31","2 wk ahead inc flu hosp","2022-02-12","24","quantile",0.05,0
"2022-01-31","2 wk ahead inc flu hosp","2022-02-12","24","quantile",0.1,0
"2022-01-31","2 wk ahead inc flu hosp","2022-02-12","24","quantile",0.15,1
"2022-01-31","2 wk ahead inc flu hosp","2022-02-12","24","quantile",0.2,2
"2022-01-31","2 wk ahead inc flu hosp","2022-02-12","24","quantile",0.25,4
"2022-01-31","2 wk ahead inc flu hosp","2022-02-12","24","quantile",0.3,6
"2022-01-31","2 wk ahead inc flu hosp","2022-02-12","24","quantile",0.35,8
"2022-01-31","2 wk ahead inc flu hosp","2022-02-12","24","quantile",0.4,10
"2022-01-31","2 wk ahead inc flu hosp","2022-02-12","24","quantile",0.45,12
"2022-01-31","2 wk ahead inc flu hosp","2022-02-12","24","quantile",0.5,14
"2022-01-31","2 wk ahead inc flu hosp","2022-02-12","24","quantile",0.55,17
"2022-01-31","2 wk ahead inc flu hosp","2022-02-12","24","quantile",0.6,19
"2022-01-31","2 wk ahead inc flu hosp","2022-02-12","24","quantile",0.65,21
"2022-01-31","2 wk ahead inc flu hosp","2022-02-12","24","quantile",0.7,24
"2022-01-31","2 wk ahead inc flu hosp","2022-02-12","24","quantile",0.75,26
"2022-01-31","2 wk ahead inc flu hosp","2022-02-12","24","quantile",0.8,29
"2022-01-31","2 wk ahead inc flu hosp","2022-02-12","24","quantile",0.85,33
"2022-01-31","2 wk ahead inc flu hosp","2022-02-12","24","quantile",0.9,37
"2022-01-31","2 wk ahead inc flu hosp","2022-02-12","24","quantile",0.95,43
"2022-01-31","2 wk ahead inc flu hosp","2022-02-12","24","quantile",0.975,49
"2022-01-31","2 wk ahead inc flu hosp","2022-02-12","24","quantile",0.99,55
"2022-01-31","3 wk ahead inc flu hosp","2022-02-19","24","quantile",0.01,0
"2022-01-31","3 wk ahead inc flu hosp","2022-02-19","24","quantile",0.025,0
"2022-01-31","3 wk ahead inc flu hosp","2022-02-19","24","quantile",0.05,0
"2022-01-31","3 wk ahead inc flu hosp","2022-02-19","24","quantile",0.1,0
"2022-01-31","3 wk ahead inc flu hosp","2022-02-19","24","quantile",0.15,0
"2022-01-31","3 wk ahead inc flu hosp","2022-02-19","24","quantile",0.2,1
"2022-01-31","3 wk ahead inc flu hosp","2022-02-19","24","quantile",0.25,2
"2022-01-31","3 wk ahead inc flu hosp","2022-02-19","24","quantile",0.3,4
"2022-01-31","3 wk ahead inc flu hosp","2022-02-19","24","quantile",0.35,7
"2022-01-31","3 wk ahead inc flu hosp","2022-02-19","24","quantile",0.4,9
"2022-01-31","3 wk ahead inc flu hosp","2022-02-19","24","quantile",0.45,12
"2022-01-31","3 wk ahead inc flu hosp","2022-02-19","24","quantile",0.5,15
"2022-01-31","3 wk ahead inc flu hosp","2022-02-19","24","quantile",0.55,17
"2022-01-31","3 wk ahead inc flu hosp","2022-02-19","24","quantile",0.6,20
"2022-01-31","3 wk ahead inc flu hosp","2022-02-19","24","quantile",0.65,23
"2022-01-31","3 wk ahead inc flu hosp","2022-02-19","24","quantile",0.7,26
"2022-01-31","3 wk ahead inc flu hosp","2022-02-19","24","quantile",0.75,29
"2022-01-31","3 wk ahead inc flu hosp","2022-02-19","24","quantile",0.8,33
"2022-01-31","3 wk ahead inc flu hosp","2022-02-19","24","quantile",0.85,37
"2022-01-31","3 wk ahead inc flu hosp","2022-02-19","24","quantile",0.9,43
"2022-01-31","3 wk ahead inc flu hosp","2022-02-19","24","quantile",0.95,51
"2022-01-31","3 wk ahead inc flu hosp","2022-02-19","24","quantile",0.975,58
"2022-01-31","3 wk ahead inc flu hosp","2022-02-19","24","quantile",0.99,66
"2022-01-31","4 wk ahead inc flu hosp","2022-02-26","24","quantile",0.01,0
"2022-01-31","4 wk ahead inc flu hosp","2022-02-26","24","quantile",0.025,0
"2022-01-31","4 wk ahead inc flu hosp","2022-02-26","24","quantile",0.05,0
"2022-01-31","4 wk ahead inc flu hosp","2022-02-26","24","quantile",0.1,0
"2022-01-31","4 wk ahead inc flu hosp","2022-02-26","24","quantile",0.15,0
"2022-01-31","4 wk ahead inc flu hosp","2022-02-26","24","quantile",0.2,0
"2022-01-31","4 wk ahead inc flu hosp","2022-02-26","24","quantile",0.25,1
"2022-01-31","4 wk ahead inc flu hosp","2022-02-26","24","quantile",0.3,3
"2022-01-31","4 wk ahead inc flu hosp","2022-02-26","24","quantile",0.35,5
"2022-01-31","4 wk ahead inc flu hosp","2022-02-26","24","quantile",0.4,8
"2022-01-31","4 wk ahead inc flu hosp","2022-02-26","24","quantile",0.45,11
"2022-01-31","4 wk ahead inc flu hosp","2022-02-26","24","quantile",0.5,15
"2022-01-31","4 wk ahead inc flu hosp","2022-02-26","24","quantile",0.55,18
"2022-01-31","4 wk ahead inc flu hosp","2022-02-26","24","quantile",0.6,21
"2022-01-31","4 wk ahead inc flu hosp","2022-02-26","24","quantile",0.65,24
"2022-01-31","4 wk ahead inc flu hosp","2022-02-26","24","quantile",0.7,28
"2022-01-31","4 wk ahead inc flu hosp","2022-02-26","24","quantile",0.75,32
"2022-01-31","4 wk ahead inc flu hosp","2022-02-26","24","quantile",0.8,36
"2022-01-31","4 wk ahead inc flu hosp","2022-02-26","24","quantile",0.85,41
"2022-01-31","4 wk ahead inc flu hosp","2022-02-26","24","quantile",0.9,48
"2022-01-31","4 wk ahead inc flu hosp","2022-02-26","24","quantile",0.95,57
"2022-01-31","4 wk ahead inc flu hosp","2022-02-26","24","quantile",0.975,65
"2022-01-31","4 wk ahead inc flu hosp","2022-02-26","24","quantile",0.99,74
"2022-01-31","1 wk ahead inc flu hosp","2022-02-05","24","point",NA,14
"2022-01-31","2 wk ahead inc flu hosp","2022-02-12","24","point",NA,14
"2022-01-31","3 wk ahead inc flu hosp","2022-02-19","24","point",NA,15
"2022-01-31","4 wk ahead inc flu hosp","2022-02-26","24","point",NA,15
"2022-01-31","1 wk ahead inc flu hosp","2022-02-05","25","quantile",0.01,0
"2022-01-31","1 wk ahead inc flu hosp","2022-02-05","25","quantile",0.025,0
"2022-01-31","1 wk ahead inc flu hosp","2022-02-05","25","quantile",0.05,1
"2022-01-31","1 wk ahead inc flu hosp","2022-02-05","25","quantile",0.1,4
"2022-01-31","1 wk ahead inc flu hosp","2022-02-05","25","quantile",0.15,8
"2022-01-31","1 wk ahead inc flu hosp","2022-02-05","25","quantile",0.2,12
"2022-01-31","1 wk ahead inc flu hosp","2022-02-05","25","quantile",0.25,17
"2022-01-31","1 wk ahead inc flu hosp","2022-02-05","25","quantile",0.3,22
"2022-01-31","1 wk ahead inc flu hosp","2022-02-05","25","quantile",0.35,27
"2022-01-31","1 wk ahead inc flu hosp","2022-02-05","25","quantile",0.4,32
"2022-01-31","1 wk ahead inc flu hosp","2022-02-05","25","quantile",0.45,37
"2022-01-31","1 wk ahead inc flu hosp","2022-02-05","25","quantile",0.5,43
"2022-01-31","1 wk ahead inc flu hosp","2022-02-05","25","quantile",0.55,48
"2022-01-31","1 wk ahead inc flu hosp","2022-02-05","25","quantile",0.6,53
"2022-01-31","1 wk ahead inc flu hosp","2022-02-05","25","quantile",0.65,59
"2022-01-31","1 wk ahead inc flu hosp","2022-02-05","25","quantile",0.7,65
"2022-01-31","1 wk ahead inc flu hosp","2022-02-05","25","quantile",0.75,72
"2022-01-31","1 wk ahead inc flu hosp","2022-02-05","25","quantile",0.8,79
"2022-01-31","1 wk ahead inc flu hosp","2022-02-05","25","quantile",0.85,87
"2022-01-31","1 wk ahead inc flu hosp","2022-02-05","25","quantile",0.9,98
"2022-01-31","1 wk ahead inc flu hosp","2022-02-05","25","quantile",0.95,113
"2022-01-31","1 wk ahead inc flu hosp","2022-02-05","25","quantile",0.975,126
"2022-01-31","1 wk ahead inc flu hosp","2022-02-05","25","quantile",0.99,141
"2022-01-31","2 wk ahead inc flu hosp","2022-02-12","25","quantile",0.01,0
"2022-01-31","2 wk ahead inc flu hosp","2022-02-12","25","quantile",0.025,0
"2022-01-31","2 wk ahead inc flu hosp","2022-02-12","25","quantile",0.05,0
"2022-01-31","2 wk ahead inc flu hosp","2022-02-12","25","quantile",0.1,0
"2022-01-31","2 wk ahead inc flu hosp","2022-02-12","25","quantile",0.15,1
"2022-01-31","2 wk ahead inc flu hosp","2022-02-12","25","quantile",0.2,3
"2022-01-31","2 wk ahead inc flu hosp","2022-02-12","25","quantile",0.25,7
"2022-01-31","2 wk ahead inc flu hosp","2022-02-12","25","quantile",0.3,13
"2022-01-31","2 wk ahead inc flu hosp","2022-02-12","25","quantile",0.35,19
"2022-01-31","2 wk ahead inc flu hosp","2022-02-12","25","quantile",0.4,27
"2022-01-31","2 wk ahead inc flu hosp","2022-02-12","25","quantile",0.45,35
"2022-01-31","2 wk ahead inc flu hosp","2022-02-12","25","quantile",0.5,43
"2022-01-31","2 wk ahead inc flu hosp","2022-02-12","25","quantile",0.55,51
"2022-01-31","2 wk ahead inc flu hosp","2022-02-12","25","quantile",0.6,60
"2022-01-31","2 wk ahead inc flu hosp","2022-02-12","25","quantile",0.65,69
"2022-01-31","2 wk ahead inc flu hosp","2022-02-12","25","quantile",0.7,78
"2022-01-31","2 wk ahead inc flu hosp","2022-02-12","25","quantile",0.75,88
"2022-01-31","2 wk ahead inc flu hosp","2022-02-12","25","quantile",0.8,100
"2022-01-31","2 wk ahead inc flu hosp","2022-02-12","25","quantile",0.85,113
"2022-01-31","2 wk ahead inc flu hosp","2022-02-12","25","quantile",0.9,129
"2022-01-31","2 wk ahead inc flu hosp","2022-02-12","25","quantile",0.95,153
"2022-01-31","2 wk ahead inc flu hosp","2022-02-12","25","quantile",0.975,174
"2022-01-31","2 wk ahead inc flu hosp","2022-02-12","25","quantile",0.99,197
"2022-01-31","3 wk ahead inc flu hosp","2022-02-19","25","quantile",0.01,0
"2022-01-31","3 wk ahead inc flu hosp","2022-02-19","25","quantile",0.025,0
"2022-01-31","3 wk ahead inc flu hosp","2022-02-19","25","quantile",0.05,0
"2022-01-31","3 wk ahead inc flu hosp","2022-02-19","25","quantile",0.1,0
"2022-01-31","3 wk ahead inc flu hosp","2022-02-19","25","quantile",0.15,0
"2022-01-31","3 wk ahead inc flu hosp","2022-02-19","25","quantile",0.2,0
"2022-01-31","3 wk ahead inc flu hosp","2022-02-19","25","quantile",0.25,3
"2022-01-31","3 wk ahead inc flu hosp","2022-02-19","25","quantile",0.3,8
"2022-01-31","3 wk ahead inc flu hosp","2022-02-19","25","quantile",0.35,14
"2022-01-31","3 wk ahead inc flu hosp","2022-02-19","25","quantile",0.4,23
"2022-01-31","3 wk ahead inc flu hosp","2022-02-19","25","quantile",0.45,33
"2022-01-31","3 wk ahead inc flu hosp","2022-02-19","25","quantile",0.5,43
"2022-01-31","3 wk ahead inc flu hosp","2022-02-19","25","quantile",0.55,53
"2022-01-31","3 wk ahead inc flu hosp","2022-02-19","25","quantile",0.6,64
"2022-01-31","3 wk ahead inc flu hosp","2022-02-19","25","quantile",0.65,75
"2022-01-31","3 wk ahead inc flu hosp","2022-02-19","25","quantile",0.7,87
"2022-01-31","3 wk ahead inc flu hosp","2022-02-19","25","quantile",0.75,100
"2022-01-31","3 wk ahead inc flu hosp","2022-02-19","25","quantile",0.8,114
"2022-01-31","3 wk ahead inc flu hosp","2022-02-19","25","quantile",0.85,130
"2022-01-31","3 wk ahead inc flu hosp","2022-02-19","25","quantile",0.9,151
"2022-01-31","3 wk ahead inc flu hosp","2022-02-19","25","quantile",0.95,181
"2022-01-31","3 wk ahead inc flu hosp","2022-02-19","25","quantile",0.975,208
"2022-01-31","3 wk ahead inc flu hosp","2022-02-19","25","quantile",0.99,238
"2022-01-31","4 wk ahead inc flu hosp","2022-02-26","25","quantile",0.01,0
"2022-01-31","4 wk ahead inc flu hosp","2022-02-26","25","quantile",0.025,0
"2022-01-31","4 wk ahead inc flu hosp","2022-02-26","25","quantile",0.05,0
"2022-01-31","4 wk ahead inc flu hosp","2022-02-26","25","quantile",0.1,0
"2022-01-31","4 wk ahead inc flu hosp","2022-02-26","25","quantile",0.15,0
"2022-01-31","4 wk ahead inc flu hosp","2022-02-26","25","quantile",0.2,0
"2022-01-31","4 wk ahead inc flu hosp","2022-02-26","25","quantile",0.25,1
"2022-01-31","4 wk ahead inc flu hosp","2022-02-26","25","quantile",0.3,5
"2022-01-31","4 wk ahead inc flu hosp","2022-02-26","25","quantile",0.35,11
"2022-01-31","4 wk ahead inc flu hosp","2022-02-26","25","quantile",0.4,20
"2022-01-31","4 wk ahead inc flu hosp","2022-02-26","25","quantile",0.45,31
"2022-01-31","4 wk ahead inc flu hosp","2022-02-26","25","quantile",0.5,43
"2022-01-31","4 wk ahead inc flu hosp","2022-02-26","25","quantile",0.55,55
"2022-01-31","4 wk ahead inc flu hosp","2022-02-26","25","quantile",0.6,68
"2022-01-31","4 wk ahead inc flu hosp","2022-02-26","25","quantile",0.65,81
"2022-01-31","4 wk ahead inc flu hosp","2022-02-26","25","quantile",0.7,95
"2022-01-31","4 wk ahead inc flu hosp","2022-02-26","25","quantile",0.75,110
"2022-01-31","4 wk ahead inc flu hosp","2022-02-26","25","quantile",0.8,126
"2022-01-31","4 wk ahead inc flu hosp","2022-02-26","25","quantile",0.85,145
"2022-01-31","4 wk ahead inc flu hosp","2022-02-26","25","quantile",0.9,169
"2022-01-31","4 wk ahead inc flu hosp","2022-02-26","25","quantile",0.95,205
"2022-01-31","4 wk ahead inc flu hosp","2022-02-26","25","quantile",0.975,236
"2022-01-31","4 wk ahead inc flu hosp","2022-02-26","25","quantile",0.99,273
"2022-01-31","1 wk ahead inc flu hosp","2022-02-05","25","point",NA,43
"2022-01-31","2 wk ahead inc flu hosp","2022-02-12","25","point",NA,43
"2022-01-31","3 wk ahead inc flu hosp","2022-02-19","25","point",NA,43
"2022-01-31","4 wk ahead inc flu hosp","2022-02-26","25","point",NA,43
"2022-01-31","1 wk ahead inc flu hosp","2022-02-05","26","quantile",0.01,0
"2022-01-31","1 wk ahead inc flu hosp","2022-02-05","26","quantile",0.025,0
"2022-01-31","1 wk ahead inc flu hosp","2022-02-05","26","quantile",0.05,0
"2022-01-31","1 wk ahead inc flu hosp","2022-02-05","26","quantile",0.1,0
"2022-01-31","1 wk ahead inc flu hosp","2022-02-05","26","quantile",0.15,2
"2022-01-31","1 wk ahead inc flu hosp","2022-02-05","26","quantile",0.2,3
"2022-01-31","1 wk ahead inc flu hosp","2022-02-05","26","quantile",0.25,6
"2022-01-31","1 wk ahead inc flu hosp","2022-02-05","26","quantile",0.3,8
"2022-01-31","1 wk ahead inc flu hosp","2022-02-05","26","quantile",0.35,11
"2022-01-31","1 wk ahead inc flu hosp","2022-02-05","26","quantile",0.4,15
"2022-01-31","1 wk ahead inc flu hosp","2022-02-05","26","quantile",0.45,18
"2022-01-31","1 wk ahead inc flu hosp","2022-02-05","26","quantile",0.5,22
"2022-01-31","1 wk ahead inc flu hosp","2022-02-05","26","quantile",0.55,26
"2022-01-31","1 wk ahead inc flu hosp","2022-02-05","26","quantile",0.6,31
"2022-01-31","1 wk ahead inc flu hosp","2022-02-05","26","quantile",0.65,35
"2022-01-31","1 wk ahead inc flu hosp","2022-02-05","26","quantile",0.7,40
"2022-01-31","1 wk ahead inc flu hosp","2022-02-05","26","quantile",0.75,46
"2022-01-31","1 wk ahead inc flu hosp","2022-02-05","26","quantile",0.8,52
"2022-01-31","1 wk ahead inc flu hosp","2022-02-05","26","quantile",0.85,58
"2022-01-31","1 wk ahead inc flu hosp","2022-02-05","26","quantile",0.9,67
"2022-01-31","1 wk ahead inc flu hosp","2022-02-05","26","quantile",0.95,79
"2022-01-31","1 wk ahead inc flu hosp","2022-02-05","26","quantile",0.975,90
"2022-01-31","1 wk ahead inc flu hosp","2022-02-05","26","quantile",0.99,101
"2022-01-31","2 wk ahead inc flu hosp","2022-02-12","26","quantile",0.01,0
"2022-01-31","2 wk ahead inc flu hosp","2022-02-12","26","quantile",0.025,0
"2022-01-31","2 wk ahead inc flu hosp","2022-02-12","26","quantile",0.05,0
"2022-01-31","2 wk ahead inc flu hosp","2022-02-12","26","quantile",0.1,0
"2022-01-31","2 wk ahead inc flu hosp","2022-02-12","26","quantile",0.15,0
"2022-01-31","2 wk ahead inc flu hosp","2022-02-12","26","quantile",0.2,0
"2022-01-31","2 wk ahead inc flu hosp","2022-02-12","26","quantile",0.25,2
"2022-01-31","2 wk ahead inc flu hosp","2022-02-12","26","quantile",0.3,4
"2022-01-31","2 wk ahead inc flu hosp","2022-02-12","26","quantile",0.35,7
"2022-01-31","2 wk ahead inc flu hosp","2022-02-12","26","quantile",0.4,11
"2022-01-31","2 wk ahead inc flu hosp","2022-02-12","26","quantile",0.45,17
"2022-01-31","2 wk ahead inc flu hosp","2022-02-12","26","quantile",0.5,23
"2022-01-31","2 wk ahead inc flu hosp","2022-02-12","26","quantile",0.55,29
"2022-01-31","2 wk ahead inc flu hosp","2022-02-12","26","quantile",0.6,36
"2022-01-31","2 wk ahead inc flu hosp","2022-02-12","26","quantile",0.65,43
"2022-01-31","2 wk ahead inc flu hosp","2022-02-12","26","quantile",0.7,50
"2022-01-31","2 wk ahead inc flu hosp","2022-02-12","26","quantile",0.75,58
"2022-01-31","2 wk ahead inc flu hosp","2022-02-12","26","quantile",0.8,68
"2022-01-31","2 wk ahead inc flu hosp","2022-02-12","26","quantile",0.85,78
"2022-01-31","2 wk ahead inc flu hosp","2022-02-12","26","quantile",0.9,92
"2022-01-31","2 wk ahead inc flu hosp","2022-02-12","26","quantile",0.95,111
"2022-01-31","2 wk ahead inc flu hosp","2022-02-12","26","quantile",0.975,128
"2022-01-31","2 wk ahead inc flu hosp","2022-02-12","26","quantile",0.99,147
"2022-01-31","3 wk ahead inc flu hosp","2022-02-19","26","quantile",0.01,0
"2022-01-31","3 wk ahead inc flu hosp","2022-02-19","26","quantile",0.025,0
"2022-01-31","3 wk ahead inc flu hosp","2022-02-19","26","quantile",0.05,0
"2022-01-31","3 wk ahead inc flu hosp","2022-02-19","26","quantile",0.1,0
"2022-01-31","3 wk ahead inc flu hosp","2022-02-19","26","quantile",0.15,0
"2022-01-31","3 wk ahead inc flu hosp","2022-02-19","26","quantile",0.2,0
"2022-01-31","3 wk ahead inc flu hosp","2022-02-19","26","quantile",0.25,0
"2022-01-31","3 wk ahead inc flu hosp","2022-02-19","26","quantile",0.3,2
"2022-01-31","3 wk ahead inc flu hosp","2022-02-19","26","quantile",0.35,5
"2022-01-31","3 wk ahead inc flu hosp","2022-02-19","26","quantile",0.4,9
"2022-01-31","3 wk ahead inc flu hosp","2022-02-19","26","quantile",0.45,15
"2022-01-31","3 wk ahead inc flu hosp","2022-02-19","26","quantile",0.5,22
"2022-01-31","3 wk ahead inc flu hosp","2022-02-19","26","quantile",0.55,31
"2022-01-31","3 wk ahead inc flu hosp","2022-02-19","26","quantile",0.6,39
"2022-01-31","3 wk ahead inc flu hosp","2022-02-19","26","quantile",0.65,48
"2022-01-31","3 wk ahead inc flu hosp","2022-02-19","26","quantile",0.7,58
"2022-01-31","3 wk ahead inc flu hosp","2022-02-19","26","quantile",0.75,69
"2022-01-31","3 wk ahead inc flu hosp","2022-02-19","26","quantile",0.8,80
"2022-01-31","3 wk ahead inc flu hosp","2022-02-19","26","quantile",0.85,93
"2022-01-31","3 wk ahead inc flu hosp","2022-02-19","26","quantile",0.9,110
"2022-01-31","3 wk ahead inc flu hosp","2022-02-19","26","quantile",0.95,135
"2022-01-31","3 wk ahead inc flu hosp","2022-02-19","26","quantile",0.975,157
"2022-01-31","3 wk ahead inc flu hosp","2022-02-19","26","quantile",0.99,181
"2022-01-31","4 wk ahead inc flu hosp","2022-02-26","26","quantile",0.01,0
"2022-01-31","4 wk ahead inc flu hosp","2022-02-26","26","quantile",0.025,0
"2022-01-31","4 wk ahead inc flu hosp","2022-02-26","26","quantile",0.05,0
"2022-01-31","4 wk ahead inc flu hosp","2022-02-26","26","quantile",0.1,0
"2022-01-31","4 wk ahead inc flu hosp","2022-02-26","26","quantile",0.15,0
"2022-01-31","4 wk ahead inc flu hosp","2022-02-26","26","quantile",0.2,0
"2022-01-31","4 wk ahead inc flu hosp","2022-02-26","26","quantile",0.25,0
"2022-01-31","4 wk ahead inc flu hosp","2022-02-26","26","quantile",0.3,1
"2022-01-31","4 wk ahead inc flu hosp","2022-02-26","26","quantile",0.35,3
"2022-01-31","4 wk ahead inc flu hosp","2022-02-26","26","quantile",0.4,8
"2022-01-31","4 wk ahead inc flu hosp","2022-02-26","26","quantile",0.45,14
"2022-01-31","4 wk ahead inc flu hosp","2022-02-26","26","quantile",0.5,22
"2022-01-31","4 wk ahead inc flu hosp","2022-02-26","26","quantile",0.55,32
"2022-01-31","4 wk ahead inc flu hosp","2022-02-26","26","quantile",0.6,42
"2022-01-31","4 wk ahead inc flu hosp","2022-02-26","26","quantile",0.65,53
"2022-01-31","4 wk ahead inc flu hosp","2022-02-26","26","quantile",0.7,64
"2022-01-31","4 wk ahead inc flu hosp","2022-02-26","26","quantile",0.75,77
"2022-01-31","4 wk ahead inc flu hosp","2022-02-26","26","quantile",0.8,90
"2022-01-31","4 wk ahead inc flu hosp","2022-02-26","26","quantile",0.85,106
"2022-01-31","4 wk ahead inc flu hosp","2022-02-26","26","quantile",0.9,126
"2022-01-31","4 wk ahead inc flu hosp","2022-02-26","26","quantile",0.95,155
"2022-01-31","4 wk ahead inc flu hosp","2022-02-26","26","quantile",0.975,181
"2022-01-31","4 wk ahead inc flu hosp","2022-02-26","26","quantile",0.99,209
"2022-01-31","1 wk ahead inc flu hosp","2022-02-05","26","point",NA,22
"2022-01-31","2 wk ahead inc flu hosp","2022-02-12","26","point",NA,23
"2022-01-31","3 wk ahead inc flu hosp","2022-02-19","26","point",NA,22
"2022-01-31","4 wk ahead inc flu hosp","2022-02-26","26","point",NA,22
"2022-01-31","1 wk ahead inc flu hosp","2022-02-05","27","quantile",0.01,0
"2022-01-31","1 wk ahead inc flu hosp","2022-02-05","27","quantile",0.025,0
"2022-01-31","1 wk ahead inc flu hosp","2022-02-05","27","quantile",0.05,0
"2022-01-31","1 wk ahead inc flu hosp","2022-02-05","27","quantile",0.1,0
"2022-01-31","1 wk ahead inc flu hosp","2022-02-05","27","quantile",0.15,0
"2022-01-31","1 wk ahead inc flu hosp","2022-02-05","27","quantile",0.2,1
"2022-01-31","1 wk ahead inc flu hosp","2022-02-05","27","quantile",0.25,3
"2022-01-31","1 wk ahead inc flu hosp","2022-02-05","27","quantile",0.3,4
"2022-01-31","1 wk ahead inc flu hosp","2022-02-05","27","quantile",0.35,7
"2022-01-31","1 wk ahead inc flu hosp","2022-02-05","27","quantile",0.4,10
"2022-01-31","1 wk ahead inc flu hosp","2022-02-05","27","quantile",0.45,14
"2022-01-31","1 wk ahead inc flu hosp","2022-02-05","27","quantile",0.5,18
"2022-01-31","1 wk ahead inc flu hosp","2022-02-05","27","quantile",0.55,23
"2022-01-31","1 wk ahead inc flu hosp","2022-02-05","27","quantile",0.6,28
"2022-01-31","1 wk ahead inc flu hosp","2022-02-05","27","quantile",0.65,34
"2022-01-31","1 wk ahead inc flu hosp","2022-02-05","27","quantile",0.7,40
"2022-01-31","1 wk ahead inc flu hosp","2022-02-05","27","quantile",0.75,47
"2022-01-31","1 wk ahead inc flu hosp","2022-02-05","27","quantile",0.8,55
"2022-01-31","1 wk ahead inc flu hosp","2022-02-05","27","quantile",0.85,65
"2022-01-31","1 wk ahead inc flu hosp","2022-02-05","27","quantile",0.9,77
"2022-01-31","1 wk ahead inc flu hosp","2022-02-05","27","quantile",0.95,94
"2022-01-31","1 wk ahead inc flu hosp","2022-02-05","27","quantile",0.975,110
"2022-01-31","1 wk ahead inc flu hosp","2022-02-05","27","quantile",0.99,127
"2022-01-31","2 wk ahead inc flu hosp","2022-02-12","27","quantile",0.01,0
"2022-01-31","2 wk ahead inc flu hosp","2022-02-12","27","quantile",0.025,0
"2022-01-31","2 wk ahead inc flu hosp","2022-02-12","27","quantile",0.05,0
"2022-01-31","2 wk ahead inc flu hosp","2022-02-12","27","quantile",0.1,0
"2022-01-31","2 wk ahead inc flu hosp","2022-02-12","27","quantile",0.15,0
"2022-01-31","2 wk ahead inc flu hosp","2022-02-12","27","quantile",0.2,0
"2022-01-31","2 wk ahead inc flu hosp","2022-02-12","27","quantile",0.25,0
"2022-01-31","2 wk ahead inc flu hosp","2022-02-12","27","quantile",0.3,1
"2022-01-31","2 wk ahead inc flu hosp","2022-02-12","27","quantile",0.35,4
"2022-01-31","2 wk ahead inc flu hosp","2022-02-12","27","quantile",0.4,7
"2022-01-31","2 wk ahead inc flu hosp","2022-02-12","27","quantile",0.45,12
"2022-01-31","2 wk ahead inc flu hosp","2022-02-12","27","quantile",0.5,19
"2022-01-31","2 wk ahead inc flu hosp","2022-02-12","27","quantile",0.55,26
"2022-01-31","2 wk ahead inc flu hosp","2022-02-12","27","quantile",0.6,34
"2022-01-31","2 wk ahead inc flu hosp","2022-02-12","27","quantile",0.65,44
"2022-01-31","2 wk ahead inc flu hosp","2022-02-12","27","quantile",0.7,54
"2022-01-31","2 wk ahead inc flu hosp","2022-02-12","27","quantile",0.75,66
"2022-01-31","2 wk ahead inc flu hosp","2022-02-12","27","quantile",0.8,78
"2022-01-31","2 wk ahead inc flu hosp","2022-02-12","27","quantile",0.85,92
"2022-01-31","2 wk ahead inc flu hosp","2022-02-12","27","quantile",0.9,111
"2022-01-31","2 wk ahead inc flu hosp","2022-02-12","27","quantile",0.95,139
"2022-01-31","2 wk ahead inc flu hosp","2022-02-12","27","quantile",0.975,163
"2022-01-31","2 wk ahead inc flu hosp","2022-02-12","27","quantile",0.99,190
"2022-01-31","3 wk ahead inc flu hosp","2022-02-19","27","quantile",0.01,0
"2022-01-31","3 wk ahead inc flu hosp","2022-02-19","27","quantile",0.025,0
"2022-01-31","3 wk ahead inc flu hosp","2022-02-19","27","quantile",0.05,0
"2022-01-31","3 wk ahead inc flu hosp","2022-02-19","27","quantile",0.1,0
"2022-01-31","3 wk ahead inc flu hosp","2022-02-19","27","quantile",0.15,0
"2022-01-31","3 wk ahead inc flu hosp","2022-02-19","27","quantile",0.2,0
"2022-01-31","3 wk ahead inc flu hosp","2022-02-19","27","quantile",0.25,0
"2022-01-31","3 wk ahead inc flu hosp","2022-02-19","27","quantile",0.3,0
"2022-01-31","3 wk ahead inc flu hosp","2022-02-19","27","quantile",0.35,2
"2022-01-31","3 wk ahead inc flu hosp","2022-02-19","27","quantile",0.4,5
"2022-01-31","3 wk ahead inc flu hosp","2022-02-19","27","quantile",0.45,11
"2022-01-31","3 wk ahead inc flu hosp","2022-02-19","27","quantile",0.5,19
"2022-01-31","3 wk ahead inc flu hosp","2022-02-19","27","quantile",0.55,28
"2022-01-31","3 wk ahead inc flu hosp","2022-02-19","27","quantile",0.6,39
"2022-01-31","3 wk ahead inc flu hosp","2022-02-19","27","quantile",0.65,51
"2022-01-31","3 wk ahead inc flu hosp","2022-02-19","27","quantile",0.7,64
"2022-01-31","3 wk ahead inc flu hosp","2022-02-19","27","quantile",0.75,78
"2022-01-31","3 wk ahead inc flu hosp","2022-02-19","27","quantile",0.8,94
"2022-01-31","3 wk ahead inc flu hosp","2022-02-19","27","quantile",0.85,112
"2022-01-31","3 wk ahead inc flu hosp","2022-02-19","27","quantile",0.9,137
"2022-01-31","3 wk ahead inc flu hosp","2022-02-19","27","quantile",0.95,172
"2022-01-31","3 wk ahead inc flu hosp","2022-02-19","27","quantile",0.975,201
"2022-01-31","3 wk ahead inc flu hosp","2022-02-19","27","quantile",0.99,235
"2022-01-31","4 wk ahead inc flu hosp","2022-02-26","27","quantile",0.01,0
"2022-01-31","4 wk ahead inc flu hosp","2022-02-26","27","quantile",0.025,0
"2022-01-31","4 wk ahead inc flu hosp","2022-02-26","27","quantile",0.05,0
"2022-01-31","4 wk ahead inc flu hosp","2022-02-26","27","quantile",0.1,0
"2022-01-31","4 wk ahead inc flu hosp","2022-02-26","27","quantile",0.15,0
"2022-01-31","4 wk ahead inc flu hosp","2022-02-26","27","quantile",0.2,0
"2022-01-31","4 wk ahead inc flu hosp","2022-02-26","27","quantile",0.25,0
"2022-01-31","4 wk ahead inc flu hosp","2022-02-26","27","quantile",0.3,0
"2022-01-31","4 wk ahead inc flu hosp","2022-02-26","27","quantile",0.35,1
"2022-01-31","4 wk ahead inc flu hosp","2022-02-26","27","quantile",0.4,4
"2022-01-31","4 wk ahead inc flu hosp","2022-02-26","27","quantile",0.45,10
"2022-01-31","4 wk ahead inc flu hosp","2022-02-26","27","quantile",0.5,19
"2022-01-31","4 wk ahead inc flu hosp","2022-02-26","27","quantile",0.55,30
"2022-01-31","4 wk ahead inc flu hosp","2022-02-26","27","quantile",0.6,43
"2022-01-31","4 wk ahead inc flu hosp","2022-02-26","27","quantile",0.65,57
"2022-01-31","4 wk ahead inc flu hosp","2022-02-26","27","quantile",0.7,73
"2022-01-31","4 wk ahead inc flu hosp","2022-02-26","27","quantile",0.75,90
"2022-01-31","4 wk ahead inc flu hosp","2022-02-26","27","quantile",0.8,109
"2022-01-31","4 wk ahead inc flu hosp","2022-02-26","27","quantile",0.85,131
"2022-01-31","4 wk ahead inc flu hosp","2022-02-26","27","quantile",0.9,157
"2022-01-31","4 wk ahead inc flu hosp","2022-02-26","27","quantile",0.95,199
"2022-01-31","4 wk ahead inc flu hosp","2022-02-26","27","quantile",0.975,234
"2022-01-31","4 wk ahead inc flu hosp","2022-02-26","27","quantile",0.99,274
"2022-01-31","1 wk ahead inc flu hosp","2022-02-05","27","point",NA,18
"2022-01-31","2 wk ahead inc flu hosp","2022-02-12","27","point",NA,19
"2022-01-31","3 wk ahead inc flu hosp","2022-02-19","27","point",NA,19
"2022-01-31","4 wk ahead inc flu hosp","2022-02-26","27","point",NA,19
"2022-01-31","1 wk ahead inc flu hosp","2022-02-05","28","quantile",0.01,0
"2022-01-31","1 wk ahead inc flu hosp","2022-02-05","28","quantile",0.025,0
"2022-01-31","1 wk ahead inc flu hosp","2022-02-05","28","quantile",0.05,1
"2022-01-31","1 wk ahead inc flu hosp","2022-02-05","28","quantile",0.1,2
"2022-01-31","1 wk ahead inc flu hosp","2022-02-05","28","quantile",0.15,4
"2022-01-31","1 wk ahead inc flu hosp","2022-02-05","28","quantile",0.2,6
"2022-01-31","1 wk ahead inc flu hosp","2022-02-05","28","quantile",0.25,9
"2022-01-31","1 wk ahead inc flu hosp","2022-02-05","28","quantile",0.3,11
"2022-01-31","1 wk ahead inc flu hosp","2022-02-05","28","quantile",0.35,14
"2022-01-31","1 wk ahead inc flu hosp","2022-02-05","28","quantile",0.4,16
"2022-01-31","1 wk ahead inc flu hosp","2022-02-05","28","quantile",0.45,19
"2022-01-31","1 wk ahead inc flu hosp","2022-02-05","28","quantile",0.5,21
"2022-01-31","1 wk ahead inc flu hosp","2022-02-05","28","quantile",0.55,24
"2022-01-31","1 wk ahead inc flu hosp","2022-02-05","28","quantile",0.6,27
"2022-01-31","1 wk ahead inc flu hosp","2022-02-05","28","quantile",0.65,29
"2022-01-31","1 wk ahead inc flu hosp","2022-02-05","28","quantile",0.7,32
"2022-01-31","1 wk ahead inc flu hosp","2022-02-05","28","quantile",0.75,35
"2022-01-31","1 wk ahead inc flu hosp","2022-02-05","28","quantile",0.8,39
"2022-01-31","1 wk ahead inc flu hosp","2022-02-05","28","quantile",0.85,43
"2022-01-31","1 wk ahead inc flu hosp","2022-02-05","28","quantile",0.9,48
"2022-01-31","1 wk ahead inc flu hosp","2022-02-05","28","quantile",0.95,55
"2022-01-31","1 wk ahead inc flu hosp","2022-02-05","28","quantile",0.975,61
"2022-01-31","1 wk ahead inc flu hosp","2022-02-05","28","quantile",0.99,68
"2022-01-31","2 wk ahead inc flu hosp","2022-02-12","28","quantile",0.01,0
"2022-01-31","2 wk ahead inc flu hosp","2022-02-12","28","quantile",0.025,0
"2022-01-31","2 wk ahead inc flu hosp","2022-02-12","28","quantile",0.05,0
"2022-01-31","2 wk ahead inc flu hosp","2022-02-12","28","quantile",0.1,0
"2022-01-31","2 wk ahead inc flu hosp","2022-02-12","28","quantile",0.15,1
"2022-01-31","2 wk ahead inc flu hosp","2022-02-12","28","quantile",0.2,2
"2022-01-31","2 wk ahead inc flu hosp","2022-02-12","28","quantile",0.25,4
"2022-01-31","2 wk ahead inc flu hosp","2022-02-12","28","quantile",0.3,7
"2022-01-31","2 wk ahead inc flu hosp","2022-02-12","28","quantile",0.35,10
"2022-01-31","2 wk ahead inc flu hosp","2022-02-12","28","quantile",0.4,14
"2022-01-31","2 wk ahead inc flu hosp","2022-02-12","28","quantile",0.45,18
"2022-01-31","2 wk ahead inc flu hosp","2022-02-12","28","quantile",0.5,22
"2022-01-31","2 wk ahead inc flu hosp","2022-02-12","28","quantile",0.55,25
"2022-01-31","2 wk ahead inc flu hosp","2022-02-12","28","quantile",0.6,30
"2022-01-31","2 wk ahead inc flu hosp","2022-02-12","28","quantile",0.65,34
"2022-01-31","2 wk ahead inc flu hosp","2022-02-12","28","quantile",0.7,38
"2022-01-31","2 wk ahead inc flu hosp","2022-02-12","28","quantile",0.75,43
"2022-01-31","2 wk ahead inc flu hosp","2022-02-12","28","quantile",0.8,48
"2022-01-31","2 wk ahead inc flu hosp","2022-02-12","28","quantile",0.85,55
"2022-01-31","2 wk ahead inc flu hosp","2022-02-12","28","quantile",0.9,62
"2022-01-31","2 wk ahead inc flu hosp","2022-02-12","28","quantile",0.95,74
"2022-01-31","2 wk ahead inc flu hosp","2022-02-12","28","quantile",0.975,84
"2022-01-31","2 wk ahead inc flu hosp","2022-02-12","28","quantile",0.99,96
"2022-01-31","3 wk ahead inc flu hosp","2022-02-19","28","quantile",0.01,0
"2022-01-31","3 wk ahead inc flu hosp","2022-02-19","28","quantile",0.025,0
"2022-01-31","3 wk ahead inc flu hosp","2022-02-19","28","quantile",0.05,0
"2022-01-31","3 wk ahead inc flu hosp","2022-02-19","28","quantile",0.1,0
"2022-01-31","3 wk ahead inc flu hosp","2022-02-19","28","quantile",0.15,0
"2022-01-31","3 wk ahead inc flu hosp","2022-02-19","28","quantile",0.2,1
"2022-01-31","3 wk ahead inc flu hosp","2022-02-19","28","quantile",0.25,2
"2022-01-31","3 wk ahead inc flu hosp","2022-02-19","28","quantile",0.3,4
"2022-01-31","3 wk ahead inc flu hosp","2022-02-19","28","quantile",0.35,8
"2022-01-31","3 wk ahead inc flu hosp","2022-02-19","28","quantile",0.4,12
"2022-01-31","3 wk ahead inc flu hosp","2022-02-19","28","quantile",0.45,17
"2022-01-31","3 wk ahead inc flu hosp","2022-02-19","28","quantile",0.5,22
"2022-01-31","3 wk ahead inc flu hosp","2022-02-19","28","quantile",0.55,27
"2022-01-31","3 wk ahead inc flu hosp","2022-02-19","28","quantile",0.6,32
"2022-01-31","3 wk ahead inc flu hosp","2022-02-19","28","quantile",0.65,37
"2022-01-31","3 wk ahead inc flu hosp","2022-02-19","28","quantile",0.7,43
"2022-01-31","3 wk ahead inc flu hosp","2022-02-19","28","quantile",0.75,49
"2022-01-31","3 wk ahead inc flu hosp","2022-02-19","28","quantile",0.8,56
"2022-01-31","3 wk ahead inc flu hosp","2022-02-19","28","quantile",0.85,63
"2022-01-31","3 wk ahead inc flu hosp","2022-02-19","28","quantile",0.9,73
"2022-01-31","3 wk ahead inc flu hosp","2022-02-19","28","quantile",0.95,88
"2022-01-31","3 wk ahead inc flu hosp","2022-02-19","28","quantile",0.975,100
"2022-01-31","3 wk ahead inc flu hosp","2022-02-19","28","quantile",0.99,115
"2022-01-31","4 wk ahead inc flu hosp","2022-02-26","28","quantile",0.01,0
"2022-01-31","4 wk ahead inc flu hosp","2022-02-26","28","quantile",0.025,0
"2022-01-31","4 wk ahead inc flu hosp","2022-02-26","28","quantile",0.05,0
"2022-01-31","4 wk ahead inc flu hosp","2022-02-26","28","quantile",0.1,0
"2022-01-31","4 wk ahead inc flu hosp","2022-02-26","28","quantile",0.15,0
"2022-01-31","4 wk ahead inc flu hosp","2022-02-26","28","quantile",0.2,0
"2022-01-31","4 wk ahead inc flu hosp","2022-02-26","28","quantile",0.25,1
"2022-01-31","4 wk ahead inc flu hosp","2022-02-26","28","quantile",0.3,3
"2022-01-31","4 wk ahead inc flu hosp","2022-02-26","28","quantile",0.35,6
"2022-01-31","4 wk ahead inc flu hosp","2022-02-26","28","quantile",0.4,11
"2022-01-31","4 wk ahead inc flu hosp","2022-02-26","28","quantile",0.45,16
"2022-01-31","4 wk ahead inc flu hosp","2022-02-26","28","quantile",0.5,22
"2022-01-31","4 wk ahead inc flu hosp","2022-02-26","28","quantile",0.55,27
"2022-01-31","4 wk ahead inc flu hosp","2022-02-26","28","quantile",0.6,34
"2022-01-31","4 wk ahead inc flu hosp","2022-02-26","28","quantile",0.65,40
"2022-01-31","4 wk ahead inc flu hosp","2022-02-26","28","quantile",0.7,46
"2022-01-31","4 wk ahead inc flu hosp","2022-02-26","28","quantile",0.75,53
"2022-01-31","4 wk ahead inc flu hosp","2022-02-26","28","quantile",0.8,61
"2022-01-31","4 wk ahead inc flu hosp","2022-02-26","28","quantile",0.85,70
"2022-01-31","4 wk ahead inc flu hosp","2022-02-26","28","quantile",0.9,82
"2022-01-31","4 wk ahead inc flu hosp","2022-02-26","28","quantile",0.95,99
"2022-01-31","4 wk ahead inc flu hosp","2022-02-26","28","quantile",0.975,114
"2022-01-31","4 wk ahead inc flu hosp","2022-02-26","28","quantile",0.99,131
"2022-01-31","1 wk ahead inc flu hosp","2022-02-05","28","point",NA,21
"2022-01-31","2 wk ahead inc flu hosp","2022-02-12","28","point",NA,22
"2022-01-31","3 wk ahead inc flu hosp","2022-02-19","28","point",NA,22
"2022-01-31","4 wk ahead inc flu hosp","2022-02-26","28","point",NA,22
"2022-01-31","1 wk ahead inc flu hosp","2022-02-05","29","quantile",0.01,0
"2022-01-31","1 wk ahead inc flu hosp","2022-02-05","29","quantile",0.025,2
"2022-01-31","1 wk ahead inc flu hosp","2022-02-05","29","quantile",0.05,5
"2022-01-31","1 wk ahead inc flu hosp","2022-02-05","29","quantile",0.1,11
"2022-01-31","1 wk ahead inc flu hosp","2022-02-05","29","quantile",0.15,17
"2022-01-31","1 wk ahead inc flu hosp","2022-02-05","29","quantile",0.2,22
"2022-01-31","1 wk ahead inc flu hosp","2022-02-05","29","quantile",0.25,27
"2022-01-31","1 wk ahead inc flu hosp","2022-02-05","29","quantile",0.3,32
"2022-01-31","1 wk ahead inc flu hosp","2022-02-05","29","quantile",0.35,37
"2022-01-31","1 wk ahead inc flu hosp","2022-02-05","29","quantile",0.4,41
"2022-01-31","1 wk ahead inc flu hosp","2022-02-05","29","quantile",0.45,45
"2022-01-31","1 wk ahead inc flu hosp","2022-02-05","29","quantile",0.5,49
"2022-01-31","1 wk ahead inc flu hosp","2022-02-05","29","quantile",0.55,54
"2022-01-31","1 wk ahead inc flu hosp","2022-02-05","29","quantile",0.6,58
"2022-01-31","1 wk ahead inc flu hosp","2022-02-05","29","quantile",0.65,62
"2022-01-31","1 wk ahead inc flu hosp","2022-02-05","29","quantile",0.7,67
"2022-01-31","1 wk ahead inc flu hosp","2022-02-05","29","quantile",0.75,72
"2022-01-31","1 wk ahead inc flu hosp","2022-02-05","29","quantile",0.8,78
"2022-01-31","1 wk ahead inc flu hosp","2022-02-05","29","quantile",0.85,84
"2022-01-31","1 wk ahead inc flu hosp","2022-02-05","29","quantile",0.9,93
"2022-01-31","1 wk ahead inc flu hosp","2022-02-05","29","quantile",0.95,105
"2022-01-31","1 wk ahead inc flu hosp","2022-02-05","29","quantile",0.975,116
"2022-01-31","1 wk ahead inc flu hosp","2022-02-05","29","quantile",0.99,129
"2022-01-31","2 wk ahead inc flu hosp","2022-02-12","29","quantile",0.01,0
"2022-01-31","2 wk ahead inc flu hosp","2022-02-12","29","quantile",0.025,0
"2022-01-31","2 wk ahead inc flu hosp","2022-02-12","29","quantile",0.05,0
"2022-01-31","2 wk ahead inc flu hosp","2022-02-12","29","quantile",0.1,1
"2022-01-31","2 wk ahead inc flu hosp","2022-02-12","29","quantile",0.15,4
"2022-01-31","2 wk ahead inc flu hosp","2022-02-12","29","quantile",0.2,10
"2022-01-31","2 wk ahead inc flu hosp","2022-02-12","29","quantile",0.25,16
"2022-01-31","2 wk ahead inc flu hosp","2022-02-12","29","quantile",0.3,23
"2022-01-31","2 wk ahead inc flu hosp","2022-02-12","29","quantile",0.35,30
"2022-01-31","2 wk ahead inc flu hosp","2022-02-12","29","quantile",0.4,36
"2022-01-31","2 wk ahead inc flu hosp","2022-02-12","29","quantile",0.45,43
"2022-01-31","2 wk ahead inc flu hosp","2022-02-12","29","quantile",0.5,49
"2022-01-31","2 wk ahead inc flu hosp","2022-02-12","29","quantile",0.55,56
"2022-01-31","2 wk ahead inc flu hosp","2022-02-12","29","quantile",0.6,63
"2022-01-31","2 wk ahead inc flu hosp","2022-02-12","29","quantile",0.65,70
"2022-01-31","2 wk ahead inc flu hosp","2022-02-12","29","quantile",0.7,77
"2022-01-31","2 wk ahead inc flu hosp","2022-02-12","29","quantile",0.75,85
"2022-01-31","2 wk ahead inc flu hosp","2022-02-12","29","quantile",0.8,94
"2022-01-31","2 wk ahead inc flu hosp","2022-02-12","29","quantile",0.85,104
"2022-01-31","2 wk ahead inc flu hosp","2022-02-12","29","quantile",0.9,117
"2022-01-31","2 wk ahead inc flu hosp","2022-02-12","29","quantile",0.95,136
"2022-01-31","2 wk ahead inc flu hosp","2022-02-12","29","quantile",0.975,153
"2022-01-31","2 wk ahead inc flu hosp","2022-02-12","29","quantile",0.99,174
"2022-01-31","3 wk ahead inc flu hosp","2022-02-19","29","quantile",0.01,0
"2022-01-31","3 wk ahead inc flu hosp","2022-02-19","29","quantile",0.025,0
"2022-01-31","3 wk ahead inc flu hosp","2022-02-19","29","quantile",0.05,0
"2022-01-31","3 wk ahead inc flu hosp","2022-02-19","29","quantile",0.1,0
"2022-01-31","3 wk ahead inc flu hosp","2022-02-19","29","quantile",0.15,1
"2022-01-31","3 wk ahead inc flu hosp","2022-02-19","29","quantile",0.2,4
"2022-01-31","3 wk ahead inc flu hosp","2022-02-19","29","quantile",0.25,9
"2022-01-31","3 wk ahead inc flu hosp","2022-02-19","29","quantile",0.3,17
"2022-01-31","3 wk ahead inc flu hosp","2022-02-19","29","quantile",0.35,25
"2022-01-31","3 wk ahead inc flu hosp","2022-02-19","29","quantile",0.4,33
"2022-01-31","3 wk ahead inc flu hosp","2022-02-19","29","quantile",0.45,41
"2022-01-31","3 wk ahead inc flu hosp","2022-02-19","29","quantile",0.5,50
"2022-01-31","3 wk ahead inc flu hosp","2022-02-19","29","quantile",0.55,58
"2022-01-31","3 wk ahead inc flu hosp","2022-02-19","29","quantile",0.6,66
"2022-01-31","3 wk ahead inc flu hosp","2022-02-19","29","quantile",0.65,75
"2022-01-31","3 wk ahead inc flu hosp","2022-02-19","29","quantile",0.7,84
"2022-01-31","3 wk ahead inc flu hosp","2022-02-19","29","quantile",0.75,94
"2022-01-31","3 wk ahead inc flu hosp","2022-02-19","29","quantile",0.8,105
"2022-01-31","3 wk ahead inc flu hosp","2022-02-19","29","quantile",0.85,119
"2022-01-31","3 wk ahead inc flu hosp","2022-02-19","29","quantile",0.9,135
"2022-01-31","3 wk ahead inc flu hosp","2022-02-19","29","quantile",0.95,159
"2022-01-31","3 wk ahead inc flu hosp","2022-02-19","29","quantile",0.975,181
"2022-01-31","3 wk ahead inc flu hosp","2022-02-19","29","quantile",0.99,205
"2022-01-31","4 wk ahead inc flu hosp","2022-02-26","29","quantile",0.01,0
"2022-01-31","4 wk ahead inc flu hosp","2022-02-26","29","quantile",0.025,0
"2022-01-31","4 wk ahead inc flu hosp","2022-02-26","29","quantile",0.05,0
"2022-01-31","4 wk ahead inc flu hosp","2022-02-26","29","quantile",0.1,0
"2022-01-31","4 wk ahead inc flu hosp","2022-02-26","29","quantile",0.15,0
"2022-01-31","4 wk ahead inc flu hosp","2022-02-26","29","quantile",0.2,1
"2022-01-31","4 wk ahead inc flu hosp","2022-02-26","29","quantile",0.25,5
"2022-01-31","4 wk ahead inc flu hosp","2022-02-26","29","quantile",0.3,12
"2022-01-31","4 wk ahead inc flu hosp","2022-02-26","29","quantile",0.35,21
"2022-01-31","4 wk ahead inc flu hosp","2022-02-26","29","quantile",0.4,30
"2022-01-31","4 wk ahead inc flu hosp","2022-02-26","29","quantile",0.45,40
"2022-01-31","4 wk ahead inc flu hosp","2022-02-26","29","quantile",0.5,50
"2022-01-31","4 wk ahead inc flu hosp","2022-02-26","29","quantile",0.55,59
"2022-01-31","4 wk ahead inc flu hosp","2022-02-26","29","quantile",0.6,70
"2022-01-31","4 wk ahead inc flu hosp","2022-02-26","29","quantile",0.65,80
"2022-01-31","4 wk ahead inc flu hosp","2022-02-26","29","quantile",0.7,91
"2022-01-31","4 wk ahead inc flu hosp","2022-02-26","29","quantile",0.75,102
"2022-01-31","4 wk ahead inc flu hosp","2022-02-26","29","quantile",0.8,115
"2022-01-31","4 wk ahead inc flu hosp","2022-02-26","29","quantile",0.85,131
"2022-01-31","4 wk ahead inc flu hosp","2022-02-26","29","quantile",0.9,150
"2022-01-31","4 wk ahead inc flu hosp","2022-02-26","29","quantile",0.95,178
"2022-01-31","4 wk ahead inc flu hosp","2022-02-26","29","quantile",0.975,203
"2022-01-31","4 wk ahead inc flu hosp","2022-02-26","29","quantile",0.99,232
"2022-01-31","1 wk ahead inc flu hosp","2022-02-05","29","point",NA,49
"2022-01-31","2 wk ahead inc flu hosp","2022-02-12","29","point",NA,49
"2022-01-31","3 wk ahead inc flu hosp","2022-02-19","29","point",NA,50
"2022-01-31","4 wk ahead inc flu hosp","2022-02-26","29","point",NA,50
"2022-01-31","1 wk ahead inc flu hosp","2022-02-05","30","quantile",0.01,0
"2022-01-31","1 wk ahead inc flu hosp","2022-02-05","30","quantile",0.025,0
"2022-01-31","1 wk ahead inc flu hosp","2022-02-05","30","quantile",0.05,0
"2022-01-31","1 wk ahead inc flu hosp","2022-02-05","30","quantile",0.1,0
"2022-01-31","1 wk ahead inc flu hosp","2022-02-05","30","quantile",0.15,0
"2022-01-31","1 wk ahead inc flu hosp","2022-02-05","30","quantile",0.2,0
"2022-01-31","1 wk ahead inc flu hosp","2022-02-05","30","quantile",0.25,0
"2022-01-31","1 wk ahead inc flu hosp","2022-02-05","30","quantile",0.3,1
"2022-01-31","1 wk ahead inc flu hosp","2022-02-05","30","quantile",0.35,1
"2022-01-31","1 wk ahead inc flu hosp","2022-02-05","30","quantile",0.4,2
"2022-01-31","1 wk ahead inc flu hosp","2022-02-05","30","quantile",0.45,3
"2022-01-31","1 wk ahead inc flu hosp","2022-02-05","30","quantile",0.5,4
"2022-01-31","1 wk ahead inc flu hosp","2022-02-05","30","quantile",0.55,6
"2022-01-31","1 wk ahead inc flu hosp","2022-02-05","30","quantile",0.6,8
"2022-01-31","1 wk ahead inc flu hosp","2022-02-05","30","quantile",0.65,10
"2022-01-31","1 wk ahead inc flu hosp","2022-02-05","30","quantile",0.7,12
"2022-01-31","1 wk ahead inc flu hosp","2022-02-05","30","quantile",0.75,15
"2022-01-31","1 wk ahead inc flu hosp","2022-02-05","30","quantile",0.8,19
"2022-01-31","1 wk ahead inc flu hosp","2022-02-05","30","quantile",0.85,23
"2022-01-31","1 wk ahead inc flu hosp","2022-02-05","30","quantile",0.9,28
"2022-01-31","1 wk ahead inc flu hosp","2022-02-05","30","quantile",0.95,36
"2022-01-31","1 wk ahead inc flu hosp","2022-02-05","30","quantile",0.975,42
"2022-01-31","1 wk ahead inc flu hosp","2022-02-05","30","quantile",0.99,50
"2022-01-31","2 wk ahead inc flu hosp","2022-02-12","30","quantile",0.01,0
"2022-01-31","2 wk ahead inc flu hosp","2022-02-12","30","quantile",0.025,0
"2022-01-31","2 wk ahead inc flu hosp","2022-02-12","30","quantile",0.05,0
"2022-01-31","2 wk ahead inc flu hosp","2022-02-12","30","quantile",0.1,0
"2022-01-31","2 wk ahead inc flu hosp","2022-02-12","30","quantile",0.15,0
"2022-01-31","2 wk ahead inc flu hosp","2022-02-12","30","quantile",0.2,0
"2022-01-31","2 wk ahead inc flu hosp","2022-02-12","30","quantile",0.25,0
"2022-01-31","2 wk ahead inc flu hosp","2022-02-12","30","quantile",0.3,0
"2022-01-31","2 wk ahead inc flu hosp","2022-02-12","30","quantile",0.35,1
"2022-01-31","2 wk ahead inc flu hosp","2022-02-12","30","quantile",0.4,1
"2022-01-31","2 wk ahead inc flu hosp","2022-02-12","30","quantile",0.45,3
"2022-01-31","2 wk ahead inc flu hosp","2022-02-12","30","quantile",0.5,5
"2022-01-31","2 wk ahead inc flu hosp","2022-02-12","30","quantile",0.55,7
"2022-01-31","2 wk ahead inc flu hosp","2022-02-12","30","quantile",0.6,10
"2022-01-31","2 wk ahead inc flu hosp","2022-02-12","30","quantile",0.65,14
"2022-01-31","2 wk ahead inc flu hosp","2022-02-12","30","quantile",0.7,18
"2022-01-31","2 wk ahead inc flu hosp","2022-02-12","30","quantile",0.75,23
"2022-01-31","2 wk ahead inc flu hosp","2022-02-12","30","quantile",0.8,28
"2022-01-31","2 wk ahead inc flu hosp","2022-02-12","30","quantile",0.85,35
"2022-01-31","2 wk ahead inc flu hosp","2022-02-12","30","quantile",0.9,43
"2022-01-31","2 wk ahead inc flu hosp","2022-02-12","30","quantile",0.95,55
"2022-01-31","2 wk ahead inc flu hosp","2022-02-12","30","quantile",0.975,66
"2022-01-31","2 wk ahead inc flu hosp","2022-02-12","30","quantile",0.99,78
"2022-01-31","3 wk ahead inc flu hosp","2022-02-19","30","quantile",0.01,0
"2022-01-31","3 wk ahead inc flu hosp","2022-02-19","30","quantile",0.025,0
"2022-01-31","3 wk ahead inc flu hosp","2022-02-19","30","quantile",0.05,0
"2022-01-31","3 wk ahead inc flu hosp","2022-02-19","30","quantile",0.1,0
"2022-01-31","3 wk ahead inc flu hosp","2022-02-19","30","quantile",0.15,0
"2022-01-31","3 wk ahead inc flu hosp","2022-02-19","30","quantile",0.2,0
"2022-01-31","3 wk ahead inc flu hosp","2022-02-19","30","quantile",0.25,0
"2022-01-31","3 wk ahead inc flu hosp","2022-02-19","30","quantile",0.3,0
"2022-01-31","3 wk ahead inc flu hosp","2022-02-19","30","quantile",0.35,0
"2022-01-31","3 wk ahead inc flu hosp","2022-02-19","30","quantile",0.4,1
"2022-01-31","3 wk ahead inc flu hosp","2022-02-19","30","quantile",0.45,2
"2022-01-31","3 wk ahead inc flu hosp","2022-02-19","30","quantile",0.5,5
"2022-01-31","3 wk ahead inc flu hosp","2022-02-19","30","quantile",0.55,8
"2022-01-31","3 wk ahead inc flu hosp","2022-02-19","30","quantile",0.6,12
"2022-01-31","3 wk ahead inc flu hosp","2022-02-19","30","quantile",0.65,17
"2022-01-31","3 wk ahead inc flu hosp","2022-02-19","30","quantile",0.7,23
"2022-01-31","3 wk ahead inc flu hosp","2022-02-19","30","quantile",0.75,29
"2022-01-31","3 wk ahead inc flu hosp","2022-02-19","30","quantile",0.8,36
"2022-01-31","3 wk ahead inc flu hosp","2022-02-19","30","quantile",0.85,44
"2022-01-31","3 wk ahead inc flu hosp","2022-02-19","30","quantile",0.9,54
"2022-01-31","3 wk ahead inc flu hosp","2022-02-19","30","quantile",0.95,69
"2022-01-31","3 wk ahead inc flu hosp","2022-02-19","30","quantile",0.975,83
"2022-01-31","3 wk ahead inc flu hosp","2022-02-19","30","quantile",0.99,99
"2022-01-31","4 wk ahead inc flu hosp","2022-02-26","30","quantile",0.01,0
"2022-01-31","4 wk ahead inc flu hosp","2022-02-26","30","quantile",0.025,0
"2022-01-31","4 wk ahead inc flu hosp","2022-02-26","30","quantile",0.05,0
"2022-01-31","4 wk ahead inc flu hosp","2022-02-26","30","quantile",0.1,0
"2022-01-31","4 wk ahead inc flu hosp","2022-02-26","30","quantile",0.15,0
"2022-01-31","4 wk ahead inc flu hosp","2022-02-26","30","quantile",0.2,0
"2022-01-31","4 wk ahead inc flu hosp","2022-02-26","30","quantile",0.25,0
"2022-01-31","4 wk ahead inc flu hosp","2022-02-26","30","quantile",0.3,0
"2022-01-31","4 wk ahead inc flu hosp","2022-02-26","30","quantile",0.35,0
"2022-01-31","4 wk ahead inc flu hosp","2022-02-26","30","quantile",0.4,1
"2022-01-31","4 wk ahead inc flu hosp","2022-02-26","30","quantile",0.45,2
"2022-01-31","4 wk ahead inc flu hosp","2022-02-26","30","quantile",0.5,5
"2022-01-31","4 wk ahead inc flu hosp","2022-02-26","30","quantile",0.55,9
"2022-01-31","4 wk ahead inc flu hosp","2022-02-26","30","quantile",0.6,14
"2022-01-31","4 wk ahead inc flu hosp","2022-02-26","30","quantile",0.65,20
"2022-01-31","4 wk ahead inc flu hosp","2022-02-26","30","quantile",0.7,26
"2022-01-31","4 wk ahead inc flu hosp","2022-02-26","30","quantile",0.75,34
"2022-01-31","4 wk ahead inc flu hosp","2022-02-26","30","quantile",0.8,42
"2022-01-31","4 wk ahead inc flu hosp","2022-02-26","30","quantile",0.85,51
"2022-01-31","4 wk ahead inc flu hosp","2022-02-26","30","quantile",0.9,63
"2022-01-31","4 wk ahead inc flu hosp","2022-02-26","30","quantile",0.95,81
"2022-01-31","4 wk ahead inc flu hosp","2022-02-26","30","quantile",0.975,97
"2022-01-31","4 wk ahead inc flu hosp","2022-02-26","30","quantile",0.99,115
"2022-01-31","1 wk ahead inc flu hosp","2022-02-05","30","point",NA,4
"2022-01-31","2 wk ahead inc flu hosp","2022-02-12","30","point",NA,5
"2022-01-31","3 wk ahead inc flu hosp","2022-02-19","30","point",NA,5
"2022-01-31","4 wk ahead inc flu hosp","2022-02-26","30","point",NA,5
"2022-01-31","1 wk ahead inc flu hosp","2022-02-05","31","quantile",0.01,0
"2022-01-31","1 wk ahead inc flu hosp","2022-02-05","31","quantile",0.025,1
"2022-01-31","1 wk ahead inc flu hosp","2022-02-05","31","quantile",0.05,3
"2022-01-31","1 wk ahead inc flu hosp","2022-02-05","31","quantile",0.1,6
"2022-01-31","1 wk ahead inc flu hosp","2022-02-05","31","quantile",0.15,10
"2022-01-31","1 wk ahead inc flu hosp","2022-02-05","31","quantile",0.2,13
"2022-01-31","1 wk ahead inc flu hosp","2022-02-05","31","quantile",0.25,16
"2022-01-31","1 wk ahead inc flu hosp","2022-02-05","31","quantile",0.3,19
"2022-01-31","1 wk ahead inc flu hosp","2022-02-05","31","quantile",0.35,21
"2022-01-31","1 wk ahead inc flu hosp","2022-02-05","31","quantile",0.4,24
"2022-01-31","1 wk ahead inc flu hosp","2022-02-05","31","quantile",0.45,26
"2022-01-31","1 wk ahead inc flu hosp","2022-02-05","31","quantile",0.5,28
"2022-01-31","1 wk ahead inc flu hosp","2022-02-05","31","quantile",0.55,31
"2022-01-31","1 wk ahead inc flu hosp","2022-02-05","31","quantile",0.6,33
"2022-01-31","1 wk ahead inc flu hosp","2022-02-05","31","quantile",0.65,36
"2022-01-31","1 wk ahead inc flu hosp","2022-02-05","31","quantile",0.7,38
"2022-01-31","1 wk ahead inc flu hosp","2022-02-05","31","quantile",0.75,41
"2022-01-31","1 wk ahead inc flu hosp","2022-02-05","31","quantile",0.8,45
"2022-01-31","1 wk ahead inc flu hosp","2022-02-05","31","quantile",0.85,48
"2022-01-31","1 wk ahead inc flu hosp","2022-02-05","31","quantile",0.9,53
"2022-01-31","1 wk ahead inc flu hosp","2022-02-05","31","quantile",0.95,60
"2022-01-31","1 wk ahead inc flu hosp","2022-02-05","31","quantile",0.975,66
"2022-01-31","1 wk ahead inc flu hosp","2022-02-05","31","quantile",0.99,74
"2022-01-31","2 wk ahead inc flu hosp","2022-02-12","31","quantile",0.01,0
"2022-01-31","2 wk ahead inc flu hosp","2022-02-12","31","quantile",0.025,0
"2022-01-31","2 wk ahead inc flu hosp","2022-02-12","31","quantile",0.05,0
"2022-01-31","2 wk ahead inc flu hosp","2022-02-12","31","quantile",0.1,1
"2022-01-31","2 wk ahead inc flu hosp","2022-02-12","31","quantile",0.15,3
"2022-01-31","2 wk ahead inc flu hosp","2022-02-12","31","quantile",0.2,6
"2022-01-31","2 wk ahead inc flu hosp","2022-02-12","31","quantile",0.25,9
"2022-01-31","2 wk ahead inc flu hosp","2022-02-12","31","quantile",0.3,13
"2022-01-31","2 wk ahead inc flu hosp","2022-02-12","31","quantile",0.35,17
"2022-01-31","2 wk ahead inc flu hosp","2022-02-12","31","quantile",0.4,21
"2022-01-31","2 wk ahead inc flu hosp","2022-02-12","31","quantile",0.45,25
"2022-01-31","2 wk ahead inc flu hosp","2022-02-12","31","quantile",0.5,29
"2022-01-31","2 wk ahead inc flu hosp","2022-02-12","31","quantile",0.55,32
"2022-01-31","2 wk ahead inc flu hosp","2022-02-12","31","quantile",0.6,36
"2022-01-31","2 wk ahead inc flu hosp","2022-02-12","31","quantile",0.65,40
"2022-01-31","2 wk ahead inc flu hosp","2022-02-12","31","quantile",0.7,44
"2022-01-31","2 wk ahead inc flu hosp","2022-02-12","31","quantile",0.75,49
"2022-01-31","2 wk ahead inc flu hosp","2022-02-12","31","quantile",0.8,54
"2022-01-31","2 wk ahead inc flu hosp","2022-02-12","31","quantile",0.85,60
"2022-01-31","2 wk ahead inc flu hosp","2022-02-12","31","quantile",0.9,67
"2022-01-31","2 wk ahead inc flu hosp","2022-02-12","31","quantile",0.95,78
"2022-01-31","2 wk ahead inc flu hosp","2022-02-12","31","quantile",0.975,88
"2022-01-31","2 wk ahead inc flu hosp","2022-02-12","31","quantile",0.99,98
"2022-01-31","3 wk ahead inc flu hosp","2022-02-19","31","quantile",0.01,0
"2022-01-31","3 wk ahead inc flu hosp","2022-02-19","31","quantile",0.025,0
"2022-01-31","3 wk ahead inc flu hosp","2022-02-19","31","quantile",0.05,0
"2022-01-31","3 wk ahead inc flu hosp","2022-02-19","31","quantile",0.1,0
"2022-01-31","3 wk ahead inc flu hosp","2022-02-19","31","quantile",0.15,1
"2022-01-31","3 wk ahead inc flu hosp","2022-02-19","31","quantile",0.2,2
"2022-01-31","3 wk ahead inc flu hosp","2022-02-19","31","quantile",0.25,6
"2022-01-31","3 wk ahead inc flu hosp","2022-02-19","31","quantile",0.3,10
"2022-01-31","3 wk ahead inc flu hosp","2022-02-19","31","quantile",0.35,14
"2022-01-31","3 wk ahead inc flu hosp","2022-02-19","31","quantile",0.4,19
"2022-01-31","3 wk ahead inc flu hosp","2022-02-19","31","quantile",0.45,24
"2022-01-31","3 wk ahead inc flu hosp","2022-02-19","31","quantile",0.5,29
"2022-01-31","3 wk ahead inc flu hosp","2022-02-19","31","quantile",0.55,33
"2022-01-31","3 wk ahead inc flu hosp","2022-02-19","31","quantile",0.6,38
"2022-01-31","3 wk ahead inc flu hosp","2022-02-19","31","quantile",0.65,43
"2022-01-31","3 wk ahead inc flu hosp","2022-02-19","31","quantile",0.7,48
"2022-01-31","3 wk ahead inc flu hosp","2022-02-19","31","quantile",0.75,54
"2022-01-31","3 wk ahead inc flu hosp","2022-02-19","31","quantile",0.8,60
"2022-01-31","3 wk ahead inc flu hosp","2022-02-19","31","quantile",0.85,68
"2022-01-31","3 wk ahead inc flu hosp","2022-02-19","31","quantile",0.9,77
"2022-01-31","3 wk ahead inc flu hosp","2022-02-19","31","quantile",0.95,91
"2022-01-31","3 wk ahead inc flu hosp","2022-02-19","31","quantile",0.975,103
"2022-01-31","3 wk ahead inc flu hosp","2022-02-19","31","quantile",0.99,117
"2022-01-31","4 wk ahead inc flu hosp","2022-02-26","31","quantile",0.01,0
"2022-01-31","4 wk ahead inc flu hosp","2022-02-26","31","quantile",0.025,0
"2022-01-31","4 wk ahead inc flu hosp","2022-02-26","31","quantile",0.05,0
"2022-01-31","4 wk ahead inc flu hosp","2022-02-26","31","quantile",0.1,0
"2022-01-31","4 wk ahead inc flu hosp","2022-02-26","31","quantile",0.15,0
"2022-01-31","4 wk ahead inc flu hosp","2022-02-26","31","quantile",0.2,1
"2022-01-31","4 wk ahead inc flu hosp","2022-02-26","31","quantile",0.25,3
"2022-01-31","4 wk ahead inc flu hosp","2022-02-26","31","quantile",0.3,7
"2022-01-31","4 wk ahead inc flu hosp","2022-02-26","31","quantile",0.35,12
"2022-01-31","4 wk ahead inc flu hosp","2022-02-26","31","quantile",0.4,18
"2022-01-31","4 wk ahead inc flu hosp","2022-02-26","31","quantile",0.45,23
"2022-01-31","4 wk ahead inc flu hosp","2022-02-26","31","quantile",0.5,28
"2022-01-31","4 wk ahead inc flu hosp","2022-02-26","31","quantile",0.55,34
"2022-01-31","4 wk ahead inc flu hosp","2022-02-26","31","quantile",0.6,40
"2022-01-31","4 wk ahead inc flu hosp","2022-02-26","31","quantile",0.65,46
"2022-01-31","4 wk ahead inc flu hosp","2022-02-26","31","quantile",0.7,52
"2022-01-31","4 wk ahead inc flu hosp","2022-02-26","31","quantile",0.75,58
"2022-01-31","4 wk ahead inc flu hosp","2022-02-26","31","quantile",0.8,66
"2022-01-31","4 wk ahead inc flu hosp","2022-02-26","31","quantile",0.85,75
"2022-01-31","4 wk ahead inc flu hosp","2022-02-26","31","quantile",0.9,86
"2022-01-31","4 wk ahead inc flu hosp","2022-02-26","31","quantile",0.95,102
"2022-01-31","4 wk ahead inc flu hosp","2022-02-26","31","quantile",0.975,115
"2022-01-31","4 wk ahead inc flu hosp","2022-02-26","31","quantile",0.99,132
"2022-01-31","1 wk ahead inc flu hosp","2022-02-05","31","point",NA,28
"2022-01-31","2 wk ahead inc flu hosp","2022-02-12","31","point",NA,29
"2022-01-31","3 wk ahead inc flu hosp","2022-02-19","31","point",NA,29
"2022-01-31","4 wk ahead inc flu hosp","2022-02-26","31","point",NA,28
"2022-01-31","1 wk ahead inc flu hosp","2022-02-05","32","quantile",0.01,0
"2022-01-31","1 wk ahead inc flu hosp","2022-02-05","32","quantile",0.025,0
"2022-01-31","1 wk ahead inc flu hosp","2022-02-05","32","quantile",0.05,0
"2022-01-31","1 wk ahead inc flu hosp","2022-02-05","32","quantile",0.1,1
"2022-01-31","1 wk ahead inc flu hosp","2022-02-05","32","quantile",0.15,2
"2022-01-31","1 wk ahead inc flu hosp","2022-02-05","32","quantile",0.2,4
"2022-01-31","1 wk ahead inc flu hosp","2022-02-05","32","quantile",0.25,6
"2022-01-31","1 wk ahead inc flu hosp","2022-02-05","32","quantile",0.3,7
"2022-01-31","1 wk ahead inc flu hosp","2022-02-05","32","quantile",0.35,9
"2022-01-31","1 wk ahead inc flu hosp","2022-02-05","32","quantile",0.4,11
"2022-01-31","1 wk ahead inc flu hosp","2022-02-05","32","quantile",0.45,13
"2022-01-31","1 wk ahead inc flu hosp","2022-02-05","32","quantile",0.5,15
"2022-01-31","1 wk ahead inc flu hosp","2022-02-05","32","quantile",0.55,16
"2022-01-31","1 wk ahead inc flu hosp","2022-02-05","32","quantile",0.6,18
"2022-01-31","1 wk ahead inc flu hosp","2022-02-05","32","quantile",0.65,20
"2022-01-31","1 wk ahead inc flu hosp","2022-02-05","32","quantile",0.7,22
"2022-01-31","1 wk ahead inc flu hosp","2022-02-05","32","quantile",0.75,25
"2022-01-31","1 wk ahead inc flu hosp","2022-02-05","32","quantile",0.8,27
"2022-01-31","1 wk ahead inc flu hosp","2022-02-05","32","quantile",0.85,30
"2022-01-31","1 wk ahead inc flu hosp","2022-02-05","32","quantile",0.9,34
"2022-01-31","1 wk ahead inc flu hosp","2022-02-05","32","quantile",0.95,39
"2022-01-31","1 wk ahead inc flu hosp","2022-02-05","32","quantile",0.975,43
"2022-01-31","1 wk ahead inc flu hosp","2022-02-05","32","quantile",0.99,49
"2022-01-31","2 wk ahead inc flu hosp","2022-02-12","32","quantile",0.01,0
"2022-01-31","2 wk ahead inc flu hosp","2022-02-12","32","quantile",0.025,0
"2022-01-31","2 wk ahead inc flu hosp","2022-02-12","32","quantile",0.05,0
"2022-01-31","2 wk ahead inc flu hosp","2022-02-12","32","quantile",0.1,0
"2022-01-31","2 wk ahead inc flu hosp","2022-02-12","32","quantile",0.15,0
"2022-01-31","2 wk ahead inc flu hosp","2022-02-12","32","quantile",0.2,1
"2022-01-31","2 wk ahead inc flu hosp","2022-02-12","32","quantile",0.25,2
"2022-01-31","2 wk ahead inc flu hosp","2022-02-12","32","quantile",0.3,4
"2022-01-31","2 wk ahead inc flu hosp","2022-02-12","32","quantile",0.35,7
"2022-01-31","2 wk ahead inc flu hosp","2022-02-12","32","quantile",0.4,9
"2022-01-31","2 wk ahead inc flu hosp","2022-02-12","32","quantile",0.45,12
"2022-01-31","2 wk ahead inc flu hosp","2022-02-12","32","quantile",0.5,14
"2022-01-31","2 wk ahead inc flu hosp","2022-02-12","32","quantile",0.55,17
"2022-01-31","2 wk ahead inc flu hosp","2022-02-12","32","quantile",0.6,20
"2022-01-31","2 wk ahead inc flu hosp","2022-02-12","32","quantile",0.65,23
"2022-01-31","2 wk ahead inc flu hosp","2022-02-12","32","quantile",0.7,27
"2022-01-31","2 wk ahead inc flu hosp","2022-02-12","32","quantile",0.75,30
"2022-01-31","2 wk ahead inc flu hosp","2022-02-12","32","quantile",0.8,34
"2022-01-31","2 wk ahead inc flu hosp","2022-02-12","32","quantile",0.85,39
"2022-01-31","2 wk ahead inc flu hosp","2022-02-12","32","quantile",0.9,44
"2022-01-31","2 wk ahead inc flu hosp","2022-02-12","32","quantile",0.95,53
"2022-01-31","2 wk ahead inc flu hosp","2022-02-12","32","quantile",0.975,60
"2022-01-31","2 wk ahead inc flu hosp","2022-02-12","32","quantile",0.99,68
"2022-01-31","3 wk ahead inc flu hosp","2022-02-19","32","quantile",0.01,0
"2022-01-31","3 wk ahead inc flu hosp","2022-02-19","32","quantile",0.025,0
"2022-01-31","3 wk ahead inc flu hosp","2022-02-19","32","quantile",0.05,0
"2022-01-31","3 wk ahead inc flu hosp","2022-02-19","32","quantile",0.1,0
"2022-01-31","3 wk ahead inc flu hosp","2022-02-19","32","quantile",0.15,0
"2022-01-31","3 wk ahead inc flu hosp","2022-02-19","32","quantile",0.2,0
"2022-01-31","3 wk ahead inc flu hosp","2022-02-19","32","quantile",0.25,1
"2022-01-31","3 wk ahead inc flu hosp","2022-02-19","32","quantile",0.3,3
"2022-01-31","3 wk ahead inc flu hosp","2022-02-19","32","quantile",0.35,5
"2022-01-31","3 wk ahead inc flu hosp","2022-02-19","32","quantile",0.4,8
"2022-01-31","3 wk ahead inc flu hosp","2022-02-19","32","quantile",0.45,11
"2022-01-31","3 wk ahead inc flu hosp","2022-02-19","32","quantile",0.5,15
"2022-01-31","3 wk ahead inc flu hosp","2022-02-19","32","quantile",0.55,18
"2022-01-31","3 wk ahead inc flu hosp","2022-02-19","32","quantile",0.6,22
"2022-01-31","3 wk ahead inc flu hosp","2022-02-19","32","quantile",0.65,26
"2022-01-31","3 wk ahead inc flu hosp","2022-02-19","32","quantile",0.7,30
"2022-01-31","3 wk ahead inc flu hosp","2022-02-19","32","quantile",0.75,34
"2022-01-31","3 wk ahead inc flu hosp","2022-02-19","32","quantile",0.8,39
"2022-01-31","3 wk ahead inc flu hosp","2022-02-19","32","quantile",0.85,45
"2022-01-31","3 wk ahead inc flu hosp","2022-02-19","32","quantile",0.9,52
"2022-01-31","3 wk ahead inc flu hosp","2022-02-19","32","quantile",0.95,63
"2022-01-31","3 wk ahead inc flu hosp","2022-02-19","32","quantile",0.975,72
"2022-01-31","3 wk ahead inc flu hosp","2022-02-19","32","quantile",0.99,83
"2022-01-31","4 wk ahead inc flu hosp","2022-02-26","32","quantile",0.01,0
"2022-01-31","4 wk ahead inc flu hosp","2022-02-26","32","quantile",0.025,0
"2022-01-31","4 wk ahead inc flu hosp","2022-02-26","32","quantile",0.05,0
"2022-01-31","4 wk ahead inc flu hosp","2022-02-26","32","quantile",0.1,0
"2022-01-31","4 wk ahead inc flu hosp","2022-02-26","32","quantile",0.15,0
"2022-01-31","4 wk ahead inc flu hosp","2022-02-26","32","quantile",0.2,0
"2022-01-31","4 wk ahead inc flu hosp","2022-02-26","32","quantile",0.25,1
"2022-01-31","4 wk ahead inc flu hosp","2022-02-26","32","quantile",0.3,2
"2022-01-31","4 wk ahead inc flu hosp","2022-02-26","32","quantile",0.35,4
"2022-01-31","4 wk ahead inc flu hosp","2022-02-26","32","quantile",0.4,7
"2022-01-31","4 wk ahead inc flu hosp","2022-02-26","32","quantile",0.45,11
"2022-01-31","4 wk ahead inc flu hosp","2022-02-26","32","quantile",0.5,15
"2022-01-31","4 wk ahead inc flu hosp","2022-02-26","32","quantile",0.55,19
"2022-01-31","4 wk ahead inc flu hosp","2022-02-26","32","quantile",0.6,23
"2022-01-31","4 wk ahead inc flu hosp","2022-02-26","32","quantile",0.65,28
"2022-01-31","4 wk ahead inc flu hosp","2022-02-26","32","quantile",0.7,32
"2022-01-31","4 wk ahead inc flu hosp","2022-02-26","32","quantile",0.75,38
"2022-01-31","4 wk ahead inc flu hosp","2022-02-26","32","quantile",0.8,44
"2022-01-31","4 wk ahead inc flu hosp","2022-02-26","32","quantile",0.85,50
"2022-01-31","4 wk ahead inc flu hosp","2022-02-26","32","quantile",0.9,59
"2022-01-31","4 wk ahead inc flu hosp","2022-02-26","32","quantile",0.95,71
"2022-01-31","4 wk ahead inc flu hosp","2022-02-26","32","quantile",0.975,82
"2022-01-31","4 wk ahead inc flu hosp","2022-02-26","32","quantile",0.99,95
"2022-01-31","1 wk ahead inc flu hosp","2022-02-05","32","point",NA,15
"2022-01-31","2 wk ahead inc flu hosp","2022-02-12","32","point",NA,14
"2022-01-31","3 wk ahead inc flu hosp","2022-02-19","32","point",NA,15
"2022-01-31","4 wk ahead inc flu hosp","2022-02-26","32","point",NA,15
"2022-01-31","1 wk ahead inc flu hosp","2022-02-05","33","quantile",0.01,0
"2022-01-31","1 wk ahead inc flu hosp","2022-02-05","33","quantile",0.025,0
"2022-01-31","1 wk ahead inc flu hosp","2022-02-05","33","quantile",0.05,0
"2022-01-31","1 wk ahead inc flu hosp","2022-02-05","33","quantile",0.1,0
"2022-01-31","1 wk ahead inc flu hosp","2022-02-05","33","quantile",0.15,0
"2022-01-31","1 wk ahead inc flu hosp","2022-02-05","33","quantile",0.2,0
"2022-01-31","1 wk ahead inc flu hosp","2022-02-05","33","quantile",0.25,0
"2022-01-31","1 wk ahead inc flu hosp","2022-02-05","33","quantile",0.3,0
"2022-01-31","1 wk ahead inc flu hosp","2022-02-05","33","quantile",0.35,0
"2022-01-31","1 wk ahead inc flu hosp","2022-02-05","33","quantile",0.4,0
"2022-01-31","1 wk ahead inc flu hosp","2022-02-05","33","quantile",0.45,1
"2022-01-31","1 wk ahead inc flu hosp","2022-02-05","33","quantile",0.5,1
"2022-01-31","1 wk ahead inc flu hosp","2022-02-05","33","quantile",0.55,2
"2022-01-31","1 wk ahead inc flu hosp","2022-02-05","33","quantile",0.6,3
"2022-01-31","1 wk ahead inc flu hosp","2022-02-05","33","quantile",0.65,4
"2022-01-31","1 wk ahead inc flu hosp","2022-02-05","33","quantile",0.7,5
"2022-01-31","1 wk ahead inc flu hosp","2022-02-05","33","quantile",0.75,6
"2022-01-31","1 wk ahead inc flu hosp","2022-02-05","33","quantile",0.8,7
"2022-01-31","1 wk ahead inc flu hosp","2022-02-05","33","quantile",0.85,8
"2022-01-31","1 wk ahead inc flu hosp","2022-02-05","33","quantile",0.9,10
"2022-01-31","1 wk ahead inc flu hosp","2022-02-05","33","quantile",0.95,13
"2022-01-31","1 wk ahead inc flu hosp","2022-02-05","33","quantile",0.975,16
"2022-01-31","1 wk ahead inc flu hosp","2022-02-05","33","quantile",0.99,19
"2022-01-31","2 wk ahead inc flu hosp","2022-02-12","33","quantile",0.01,0
"2022-01-31","2 wk ahead inc flu hosp","2022-02-12","33","quantile",0.025,0
"2022-01-31","2 wk ahead inc flu hosp","2022-02-12","33","quantile",0.05,0
"2022-01-31","2 wk ahead inc flu hosp","2022-02-12","33","quantile",0.1,0
"2022-01-31","2 wk ahead inc flu hosp","2022-02-12","33","quantile",0.15,0
"2022-01-31","2 wk ahead inc flu hosp","2022-02-12","33","quantile",0.2,0
"2022-01-31","2 wk ahead inc flu hosp","2022-02-12","33","quantile",0.25,0
"2022-01-31","2 wk ahead inc flu hosp","2022-02-12","33","quantile",0.3,0
"2022-01-31","2 wk ahead inc flu hosp","2022-02-12","33","quantile",0.35,0
"2022-01-31","2 wk ahead inc flu hosp","2022-02-12","33","quantile",0.4,0
"2022-01-31","2 wk ahead inc flu hosp","2022-02-12","33","quantile",0.45,1
"2022-01-31","2 wk ahead inc flu hosp","2022-02-12","33","quantile",0.5,2
"2022-01-31","2 wk ahead inc flu hosp","2022-02-12","33","quantile",0.55,3
"2022-01-31","2 wk ahead inc flu hosp","2022-02-12","33","quantile",0.6,4
"2022-01-31","2 wk ahead inc flu hosp","2022-02-12","33","quantile",0.65,5
"2022-01-31","2 wk ahead inc flu hosp","2022-02-12","33","quantile",0.7,7
"2022-01-31","2 wk ahead inc flu hosp","2022-02-12","33","quantile",0.75,9
"2022-01-31","2 wk ahead inc flu hosp","2022-02-12","33","quantile",0.8,11
"2022-01-31","2 wk ahead inc flu hosp","2022-02-12","33","quantile",0.85,13
"2022-01-31","2 wk ahead inc flu hosp","2022-02-12","33","quantile",0.9,16
"2022-01-31","2 wk ahead inc flu hosp","2022-02-12","33","quantile",0.95,21
"2022-01-31","2 wk ahead inc flu hosp","2022-02-12","33","quantile",0.975,25
"2022-01-31","2 wk ahead inc flu hosp","2022-02-12","33","quantile",0.99,29
"2022-01-31","3 wk ahead inc flu hosp","2022-02-19","33","quantile",0.01,0
"2022-01-31","3 wk ahead inc flu hosp","2022-02-19","33","quantile",0.025,0
"2022-01-31","3 wk ahead inc flu hosp","2022-02-19","33","quantile",0.05,0
"2022-01-31","3 wk ahead inc flu hosp","2022-02-19","33","quantile",0.1,0
"2022-01-31","3 wk ahead inc flu hosp","2022-02-19","33","quantile",0.15,0
"2022-01-31","3 wk ahead inc flu hosp","2022-02-19","33","quantile",0.2,0
"2022-01-31","3 wk ahead inc flu hosp","2022-02-19","33","quantile",0.25,0
"2022-01-31","3 wk ahead inc flu hosp","2022-02-19","33","quantile",0.3,0
"2022-01-31","3 wk ahead inc flu hosp","2022-02-19","33","quantile",0.35,0
"2022-01-31","3 wk ahead inc flu hosp","2022-02-19","33","quantile",0.4,0
"2022-01-31","3 wk ahead inc flu hosp","2022-02-19","33","quantile",0.45,1
"2022-01-31","3 wk ahead inc flu hosp","2022-02-19","33","quantile",0.5,2
"2022-01-31","3 wk ahead inc flu hosp","2022-02-19","33","quantile",0.55,3
"2022-01-31","3 wk ahead inc flu hosp","2022-02-19","33","quantile",0.6,5
"2022-01-31","3 wk ahead inc flu hosp","2022-02-19","33","quantile",0.65,7
"2022-01-31","3 wk ahead inc flu hosp","2022-02-19","33","quantile",0.7,9
"2022-01-31","3 wk ahead inc flu hosp","2022-02-19","33","quantile",0.75,11
"2022-01-31","3 wk ahead inc flu hosp","2022-02-19","33","quantile",0.8,14
"2022-01-31","3 wk ahead inc flu hosp","2022-02-19","33","quantile",0.85,17
"2022-01-31","3 wk ahead inc flu hosp","2022-02-19","33","quantile",0.9,21
"2022-01-31","3 wk ahead inc flu hosp","2022-02-19","33","quantile",0.95,26
"2022-01-31","3 wk ahead inc flu hosp","2022-02-19","33","quantile",0.975,31
"2022-01-31","3 wk ahead inc flu hosp","2022-02-19","33","quantile",0.99,37
"2022-01-31","4 wk ahead inc flu hosp","2022-02-26","33","quantile",0.01,0
"2022-01-31","4 wk ahead inc flu hosp","2022-02-26","33","quantile",0.025,0
"2022-01-31","4 wk ahead inc flu hosp","2022-02-26","33","quantile",0.05,0
"2022-01-31","4 wk ahead inc flu hosp","2022-02-26","33","quantile",0.1,0
"2022-01-31","4 wk ahead inc flu hosp","2022-02-26","33","quantile",0.15,0
"2022-01-31","4 wk ahead inc flu hosp","2022-02-26","33","quantile",0.2,0
"2022-01-31","4 wk ahead inc flu hosp","2022-02-26","33","quantile",0.25,0
"2022-01-31","4 wk ahead inc flu hosp","2022-02-26","33","quantile",0.3,0
"2022-01-31","4 wk ahead inc flu hosp","2022-02-26","33","quantile",0.35,0
"2022-01-31","4 wk ahead inc flu hosp","2022-02-26","33","quantile",0.4,0
"2022-01-31","4 wk ahead inc flu hosp","2022-02-26","33","quantile",0.45,1
"2022-01-31","4 wk ahead inc flu hosp","2022-02-26","33","quantile",0.5,2
"2022-01-31","4 wk ahead inc flu hosp","2022-02-26","33","quantile",0.55,3
"2022-01-31","4 wk ahead inc flu hosp","2022-02-26","33","quantile",0.6,5
"2022-01-31","4 wk ahead inc flu hosp","2022-02-26","33","quantile",0.65,8
"2022-01-31","4 wk ahead inc flu hosp","2022-02-26","33","quantile",0.7,10
"2022-01-31","4 wk ahead inc flu hosp","2022-02-26","33","quantile",0.75,13
"2022-01-31","4 wk ahead inc flu hosp","2022-02-26","33","quantile",0.8,16
"2022-01-31","4 wk ahead inc flu hosp","2022-02-26","33","quantile",0.85,19
"2022-01-31","4 wk ahead inc flu hosp","2022-02-26","33","quantile",0.9,24
"2022-01-31","4 wk ahead inc flu hosp","2022-02-26","33","quantile",0.95,31
"2022-01-31","4 wk ahead inc flu hosp","2022-02-26","33","quantile",0.975,36
"2022-01-31","4 wk ahead inc flu hosp","2022-02-26","33","quantile",0.99,43
"2022-01-31","1 wk ahead inc flu hosp","2022-02-05","33","point",NA,1
"2022-01-31","2 wk ahead inc flu hosp","2022-02-12","33","point",NA,2
"2022-01-31","3 wk ahead inc flu hosp","2022-02-19","33","point",NA,2
"2022-01-31","4 wk ahead inc flu hosp","2022-02-26","33","point",NA,2
"2022-01-31","1 wk ahead inc flu hosp","2022-02-05","34","quantile",0.01,0
"2022-01-31","1 wk ahead inc flu hosp","2022-02-05","34","quantile",0.025,0
"2022-01-31","1 wk ahead inc flu hosp","2022-02-05","34","quantile",0.05,0
"2022-01-31","1 wk ahead inc flu hosp","2022-02-05","34","quantile",0.1,0
"2022-01-31","1 wk ahead inc flu hosp","2022-02-05","34","quantile",0.15,1
"2022-01-31","1 wk ahead inc flu hosp","2022-02-05","34","quantile",0.2,2
"2022-01-31","1 wk ahead inc flu hosp","2022-02-05","34","quantile",0.25,4
"2022-01-31","1 wk ahead inc flu hosp","2022-02-05","34","quantile",0.3,6
"2022-01-31","1 wk ahead inc flu hosp","2022-02-05","34","quantile",0.35,8
"2022-01-31","1 wk ahead inc flu hosp","2022-02-05","34","quantile",0.4,10
"2022-01-31","1 wk ahead inc flu hosp","2022-02-05","34","quantile",0.45,13
"2022-01-31","1 wk ahead inc flu hosp","2022-02-05","34","quantile",0.5,15
"2022-01-31","1 wk ahead inc flu hosp","2022-02-05","34","quantile",0.55,18
"2022-01-31","1 wk ahead inc flu hosp","2022-02-05","34","quantile",0.6,21
"2022-01-31","1 wk ahead inc flu hosp","2022-02-05","34","quantile",0.65,25
"2022-01-31","1 wk ahead inc flu hosp","2022-02-05","34","quantile",0.7,28
"2022-01-31","1 wk ahead inc flu hosp","2022-02-05","34","quantile",0.75,32
"2022-01-31","1 wk ahead inc flu hosp","2022-02-05","34","quantile",0.8,37
"2022-01-31","1 wk ahead inc flu hosp","2022-02-05","34","quantile",0.85,42
"2022-01-31","1 wk ahead inc flu hosp","2022-02-05","34","quantile",0.9,49
"2022-01-31","1 wk ahead inc flu hosp","2022-02-05","34","quantile",0.95,59
"2022-01-31","1 wk ahead inc flu hosp","2022-02-05","34","quantile",0.975,68
"2022-01-31","1 wk ahead inc flu hosp","2022-02-05","34","quantile",0.99,78
"2022-01-31","2 wk ahead inc flu hosp","2022-02-12","34","quantile",0.01,0
"2022-01-31","2 wk ahead inc flu hosp","2022-02-12","34","quantile",0.025,0
"2022-01-31","2 wk ahead inc flu hosp","2022-02-12","34","quantile",0.05,0
"2022-01-31","2 wk ahead inc flu hosp","2022-02-12","34","quantile",0.1,0
"2022-01-31","2 wk ahead inc flu hosp","2022-02-12","34","quantile",0.15,0
"2022-01-31","2 wk ahead inc flu hosp","2022-02-12","34","quantile",0.2,0
"2022-01-31","2 wk ahead inc flu hosp","2022-02-12","34","quantile",0.25,1
"2022-01-31","2 wk ahead inc flu hosp","2022-02-12","34","quantile",0.3,2
"2022-01-31","2 wk ahead inc flu hosp","2022-02-12","34","quantile",0.35,5
"2022-01-31","2 wk ahead inc flu hosp","2022-02-12","34","quantile",0.4,8
"2022-01-31","2 wk ahead inc flu hosp","2022-02-12","34","quantile",0.45,11
"2022-01-31","2 wk ahead inc flu hosp","2022-02-12","34","quantile",0.5,16
"2022-01-31","2 wk ahead inc flu hosp","2022-02-12","34","quantile",0.55,20
"2022-01-31","2 wk ahead inc flu hosp","2022-02-12","34","quantile",0.6,25
"2022-01-31","2 wk ahead inc flu hosp","2022-02-12","34","quantile",0.65,31
"2022-01-31","2 wk ahead inc flu hosp","2022-02-12","34","quantile",0.7,36
"2022-01-31","2 wk ahead inc flu hosp","2022-02-12","34","quantile",0.75,42
"2022-01-31","2 wk ahead inc flu hosp","2022-02-12","34","quantile",0.8,50
"2022-01-31","2 wk ahead inc flu hosp","2022-02-12","34","quantile",0.85,58
"2022-01-31","2 wk ahead inc flu hosp","2022-02-12","34","quantile",0.9,68
"2022-01-31","2 wk ahead inc flu hosp","2022-02-12","34","quantile",0.95,84
"2022-01-31","2 wk ahead inc flu hosp","2022-02-12","34","quantile",0.975,97
"2022-01-31","2 wk ahead inc flu hosp","2022-02-12","34","quantile",0.99,113
"2022-01-31","3 wk ahead inc flu hosp","2022-02-19","34","quantile",0.01,0
"2022-01-31","3 wk ahead inc flu hosp","2022-02-19","34","quantile",0.025,0
"2022-01-31","3 wk ahead inc flu hosp","2022-02-19","34","quantile",0.05,0
"2022-01-31","3 wk ahead inc flu hosp","2022-02-19","34","quantile",0.1,0
"2022-01-31","3 wk ahead inc flu hosp","2022-02-19","34","quantile",0.15,0
"2022-01-31","3 wk ahead inc flu hosp","2022-02-19","34","quantile",0.2,0
"2022-01-31","3 wk ahead inc flu hosp","2022-02-19","34","quantile",0.25,0
"2022-01-31","3 wk ahead inc flu hosp","2022-02-19","34","quantile",0.3,1
"2022-01-31","3 wk ahead inc flu hosp","2022-02-19","34","quantile",0.35,3
"2022-01-31","3 wk ahead inc flu hosp","2022-02-19","34","quantile",0.4,6
"2022-01-31","3 wk ahead inc flu hosp","2022-02-19","34","quantile",0.45,10
"2022-01-31","3 wk ahead inc flu hosp","2022-02-19","34","quantile",0.5,16
"2022-01-31","3 wk ahead inc flu hosp","2022-02-19","34","quantile",0.55,22
"2022-01-31","3 wk ahead inc flu hosp","2022-02-19","34","quantile",0.6,28
"2022-01-31","3 wk ahead inc flu hosp","2022-02-19","34","quantile",0.65,35
"2022-01-31","3 wk ahead inc flu hosp","2022-02-19","34","quantile",0.7,42
"2022-01-31","3 wk ahead inc flu hosp","2022-02-19","34","quantile",0.75,50
"2022-01-31","3 wk ahead inc flu hosp","2022-02-19","34","quantile",0.8,59
"2022-01-31","3 wk ahead inc flu hosp","2022-02-19","34","quantile",0.85,69
"2022-01-31","3 wk ahead inc flu hosp","2022-02-19","34","quantile",0.9,82
"2022-01-31","3 wk ahead inc flu hosp","2022-02-19","34","quantile",0.95,101
"2022-01-31","3 wk ahead inc flu hosp","2022-02-19","34","quantile",0.975,118
"2022-01-31","3 wk ahead inc flu hosp","2022-02-19","34","quantile",0.99,139
"2022-01-31","4 wk ahead inc flu hosp","2022-02-26","34","quantile",0.01,0
"2022-01-31","4 wk ahead inc flu hosp","2022-02-26","34","quantile",0.025,0
"2022-01-31","4 wk ahead inc flu hosp","2022-02-26","34","quantile",0.05,0
"2022-01-31","4 wk ahead inc flu hosp","2022-02-26","34","quantile",0.1,0
"2022-01-31","4 wk ahead inc flu hosp","2022-02-26","34","quantile",0.15,0
"2022-01-31","4 wk ahead inc flu hosp","2022-02-26","34","quantile",0.2,0
"2022-01-31","4 wk ahead inc flu hosp","2022-02-26","34","quantile",0.25,0
"2022-01-31","4 wk ahead inc flu hosp","2022-02-26","34","quantile",0.3,0
"2022-01-31","4 wk ahead inc flu hosp","2022-02-26","34","quantile",0.35,2
"2022-01-31","4 wk ahead inc flu hosp","2022-02-26","34","quantile",0.4,5
"2022-01-31","4 wk ahead inc flu hosp","2022-02-26","34","quantile",0.45,10
"2022-01-31","4 wk ahead inc flu hosp","2022-02-26","34","quantile",0.5,16
"2022-01-31","4 wk ahead inc flu hosp","2022-02-26","34","quantile",0.55,23
"2022-01-31","4 wk ahead inc flu hosp","2022-02-26","34","quantile",0.6,30
"2022-01-31","4 wk ahead inc flu hosp","2022-02-26","34","quantile",0.65,38
"2022-01-31","4 wk ahead inc flu hosp","2022-02-26","34","quantile",0.7,47
"2022-01-31","4 wk ahead inc flu hosp","2022-02-26","34","quantile",0.75,56
"2022-01-31","4 wk ahead inc flu hosp","2022-02-26","34","quantile",0.8,66
"2022-01-31","4 wk ahead inc flu hosp","2022-02-26","34","quantile",0.85,78
"2022-01-31","4 wk ahead inc flu hosp","2022-02-26","34","quantile",0.9,93
"2022-01-31","4 wk ahead inc flu hosp","2022-02-26","34","quantile",0.95,116
"2022-01-31","4 wk ahead inc flu hosp","2022-02-26","34","quantile",0.975,136
"2022-01-31","4 wk ahead inc flu hosp","2022-02-26","34","quantile",0.99,160
"2022-01-31","1 wk ahead inc flu hosp","2022-02-05","34","point",NA,15
"2022-01-31","2 wk ahead inc flu hosp","2022-02-12","34","point",NA,16
"2022-01-31","3 wk ahead inc flu hosp","2022-02-19","34","point",NA,16
"2022-01-31","4 wk ahead inc flu hosp","2022-02-26","34","point",NA,16
"2022-01-31","1 wk ahead inc flu hosp","2022-02-05","35","quantile",0.01,0
"2022-01-31","1 wk ahead inc flu hosp","2022-02-05","35","quantile",0.025,0
"2022-01-31","1 wk ahead inc flu hosp","2022-02-05","35","quantile",0.05,0
"2022-01-31","1 wk ahead inc flu hosp","2022-02-05","35","quantile",0.1,0
"2022-01-31","1 wk ahead inc flu hosp","2022-02-05","35","quantile",0.15,0
"2022-01-31","1 wk ahead inc flu hosp","2022-02-05","35","quantile",0.2,0
"2022-01-31","1 wk ahead inc flu hosp","2022-02-05","35","quantile",0.25,0
"2022-01-31","1 wk ahead inc flu hosp","2022-02-05","35","quantile",0.3,0
"2022-01-31","1 wk ahead inc flu hosp","2022-02-05","35","quantile",0.35,0
"2022-01-31","1 wk ahead inc flu hosp","2022-02-05","35","quantile",0.4,0
"2022-01-31","1 wk ahead inc flu hosp","2022-02-05","35","quantile",0.45,0
"2022-01-31","1 wk ahead inc flu hosp","2022-02-05","35","quantile",0.5,0
"2022-01-31","1 wk ahead inc flu hosp","2022-02-05","35","quantile",0.55,0
"2022-01-31","1 wk ahead inc flu hosp","2022-02-05","35","quantile",0.6,0
"2022-01-31","1 wk ahead inc flu hosp","2022-02-05","35","quantile",0.65,0
"2022-01-31","1 wk ahead inc flu hosp","2022-02-05","35","quantile",0.7,0
"2022-01-31","1 wk ahead inc flu hosp","2022-02-05","35","quantile",0.75,0
"2022-01-31","1 wk ahead inc flu hosp","2022-02-05","35","quantile",0.8,0
"2022-01-31","1 wk ahead inc flu hosp","2022-02-05","35","quantile",0.85,0
"2022-01-31","1 wk ahead inc flu hosp","2022-02-05","35","quantile",0.9,0
"2022-01-31","1 wk ahead inc flu hosp","2022-02-05","35","quantile",0.95,0
"2022-01-31","1 wk ahead inc flu hosp","2022-02-05","35","quantile",0.975,0
"2022-01-31","1 wk ahead inc flu hosp","2022-02-05","35","quantile",0.99,0
"2022-01-31","2 wk ahead inc flu hosp","2022-02-12","35","quantile",0.01,0
"2022-01-31","2 wk ahead inc flu hosp","2022-02-12","35","quantile",0.025,0
"2022-01-31","2 wk ahead inc flu hosp","2022-02-12","35","quantile",0.05,0
"2022-01-31","2 wk ahead inc flu hosp","2022-02-12","35","quantile",0.1,0
"2022-01-31","2 wk ahead inc flu hosp","2022-02-12","35","quantile",0.15,0
"2022-01-31","2 wk ahead inc flu hosp","2022-02-12","35","quantile",0.2,0
"2022-01-31","2 wk ahead inc flu hosp","2022-02-12","35","quantile",0.25,0
"2022-01-31","2 wk ahead inc flu hosp","2022-02-12","35","quantile",0.3,0
"2022-01-31","2 wk ahead inc flu hosp","2022-02-12","35","quantile",0.35,0
"2022-01-31","2 wk ahead inc flu hosp","2022-02-12","35","quantile",0.4,0
"2022-01-31","2 wk ahead inc flu hosp","2022-02-12","35","quantile",0.45,0
"2022-01-31","2 wk ahead inc flu hosp","2022-02-12","35","quantile",0.5,0
"2022-01-31","2 wk ahead inc flu hosp","2022-02-12","35","quantile",0.55,0
"2022-01-31","2 wk ahead inc flu hosp","2022-02-12","35","quantile",0.6,0
"2022-01-31","2 wk ahead inc flu hosp","2022-02-12","35","quantile",0.65,0
"2022-01-31","2 wk ahead inc flu hosp","2022-02-12","35","quantile",0.7,0
"2022-01-31","2 wk ahead inc flu hosp","2022-02-12","35","quantile",0.75,0
"2022-01-31","2 wk ahead inc flu hosp","2022-02-12","35","quantile",0.8,0
"2022-01-31","2 wk ahead inc flu hosp","2022-02-12","35","quantile",0.85,0
"2022-01-31","2 wk ahead inc flu hosp","2022-02-12","35","quantile",0.9,0
"2022-01-31","2 wk ahead inc flu hosp","2022-02-12","35","quantile",0.95,0
"2022-01-31","2 wk ahead inc flu hosp","2022-02-12","35","quantile",0.975,0
"2022-01-31","2 wk ahead inc flu hosp","2022-02-12","35","quantile",0.99,0
"2022-01-31","3 wk ahead inc flu hosp","2022-02-19","35","quantile",0.01,0
"2022-01-31","3 wk ahead inc flu hosp","2022-02-19","35","quantile",0.025,0
"2022-01-31","3 wk ahead inc flu hosp","2022-02-19","35","quantile",0.05,0
"2022-01-31","3 wk ahead inc flu hosp","2022-02-19","35","quantile",0.1,0
"2022-01-31","3 wk ahead inc flu hosp","2022-02-19","35","quantile",0.15,0
"2022-01-31","3 wk ahead inc flu hosp","2022-02-19","35","quantile",0.2,0
"2022-01-31","3 wk ahead inc flu hosp","2022-02-19","35","quantile",0.25,0
"2022-01-31","3 wk ahead inc flu hosp","2022-02-19","35","quantile",0.3,0
"2022-01-31","3 wk ahead inc flu hosp","2022-02-19","35","quantile",0.35,0
"2022-01-31","3 wk ahead inc flu hosp","2022-02-19","35","quantile",0.4,0
"2022-01-31","3 wk ahead inc flu hosp","2022-02-19","35","quantile",0.45,0
"2022-01-31","3 wk ahead inc flu hosp","2022-02-19","35","quantile",0.5,0
"2022-01-31","3 wk ahead inc flu hosp","2022-02-19","35","quantile",0.55,0
"2022-01-31","3 wk ahead inc flu hosp","2022-02-19","35","quantile",0.6,0
"2022-01-31","3 wk ahead inc flu hosp","2022-02-19","35","quantile",0.65,0
"2022-01-31","3 wk ahead inc flu hosp","2022-02-19","35","quantile",0.7,0
"2022-01-31","3 wk ahead inc flu hosp","2022-02-19","35","quantile",0.75,0
"2022-01-31","3 wk ahead inc flu hosp","2022-02-19","35","quantile",0.8,0
"2022-01-31","3 wk ahead inc flu hosp","2022-02-19","35","quantile",0.85,0
"2022-01-31","3 wk ahead inc flu hosp","2022-02-19","35","quantile",0.9,0
"2022-01-31","3 wk ahead inc flu hosp","2022-02-19","35","quantile",0.95,0
"2022-01-31","3 wk ahead inc flu hosp","2022-02-19","35","quantile",0.975,0
"2022-01-31","3 wk ahead inc flu hosp","2022-02-19","35","quantile",0.99,0
"2022-01-31","4 wk ahead inc flu hosp","2022-02-26","35","quantile",0.01,0
"2022-01-31","4 wk ahead inc flu hosp","2022-02-26","35","quantile",0.025,0
"2022-01-31","4 wk ahead inc flu hosp","2022-02-26","35","quantile",0.05,0
"2022-01-31","4 wk ahead inc flu hosp","2022-02-26","35","quantile",0.1,0
"2022-01-31","4 wk ahead inc flu hosp","2022-02-26","35","quantile",0.15,0
"2022-01-31","4 wk ahead inc flu hosp","2022-02-26","35","quantile",0.2,0
"2022-01-31","4 wk ahead inc flu hosp","2022-02-26","35","quantile",0.25,0
"2022-01-31","4 wk ahead inc flu hosp","2022-02-26","35","quantile",0.3,0
"2022-01-31","4 wk ahead inc flu hosp","2022-02-26","35","quantile",0.35,0
"2022-01-31","4 wk ahead inc flu hosp","2022-02-26","35","quantile",0.4,0
"2022-01-31","4 wk ahead inc flu hosp","2022-02-26","35","quantile",0.45,0
"2022-01-31","4 wk ahead inc flu hosp","2022-02-26","35","quantile",0.5,0
"2022-01-31","4 wk ahead inc flu hosp","2022-02-26","35","quantile",0.55,0
"2022-01-31","4 wk ahead inc flu hosp","2022-02-26","35","quantile",0.6,0
"2022-01-31","4 wk ahead inc flu hosp","2022-02-26","35","quantile",0.65,0
"2022-01-31","4 wk ahead inc flu hosp","2022-02-26","35","quantile",0.7,0
"2022-01-31","4 wk ahead inc flu hosp","2022-02-26","35","quantile",0.75,0
"2022-01-31","4 wk ahead inc flu hosp","2022-02-26","35","quantile",0.8,0
"2022-01-31","4 wk ahead inc flu hosp","2022-02-26","35","quantile",0.85,0
"2022-01-31","4 wk ahead inc flu hosp","2022-02-26","35","quantile",0.9,0
"2022-01-31","4 wk ahead inc flu hosp","2022-02-26","35","quantile",0.95,0
"2022-01-31","4 wk ahead inc flu hosp","2022-02-26","35","quantile",0.975,0
"2022-01-31","4 wk ahead inc flu hosp","2022-02-26","35","quantile",0.99,0
"2022-01-31","1 wk ahead inc flu hosp","2022-02-05","35","point",NA,0
"2022-01-31","2 wk ahead inc flu hosp","2022-02-12","35","point",NA,0
"2022-01-31","3 wk ahead inc flu hosp","2022-02-19","35","point",NA,0
"2022-01-31","4 wk ahead inc flu hosp","2022-02-26","35","point",NA,0
"2022-01-31","1 wk ahead inc flu hosp","2022-02-05","36","quantile",0.01,0
"2022-01-31","1 wk ahead inc flu hosp","2022-02-05","36","quantile",0.025,0
"2022-01-31","1 wk ahead inc flu hosp","2022-02-05","36","quantile",0.05,0
"2022-01-31","1 wk ahead inc flu hosp","2022-02-05","36","quantile",0.1,0
"2022-01-31","1 wk ahead inc flu hosp","2022-02-05","36","quantile",0.15,1
"2022-01-31","1 wk ahead inc flu hosp","2022-02-05","36","quantile",0.2,2
"2022-01-31","1 wk ahead inc flu hosp","2022-02-05","36","quantile",0.25,4
"2022-01-31","1 wk ahead inc flu hosp","2022-02-05","36","quantile",0.3,6
"2022-01-31","1 wk ahead inc flu hosp","2022-02-05","36","quantile",0.35,8
"2022-01-31","1 wk ahead inc flu hosp","2022-02-05","36","quantile",0.4,10
"2022-01-31","1 wk ahead inc flu hosp","2022-02-05","36","quantile",0.45,12
"2022-01-31","1 wk ahead inc flu hosp","2022-02-05","36","quantile",0.5,15
"2022-01-31","1 wk ahead inc flu hosp","2022-02-05","36","quantile",0.55,18
"2022-01-31","1 wk ahead inc flu hosp","2022-02-05","36","quantile",0.6,21
"2022-01-31","1 wk ahead inc flu hosp","2022-02-05","36","quantile",0.65,24
"2022-01-31","1 wk ahead inc flu hosp","2022-02-05","36","quantile",0.7,27
"2022-01-31","1 wk ahead inc flu hosp","2022-02-05","36","quantile",0.75,31
"2022-01-31","1 wk ahead inc flu hosp","2022-02-05","36","quantile",0.8,35
"2022-01-31","1 wk ahead inc flu hosp","2022-02-05","36","quantile",0.85,40
"2022-01-31","1 wk ahead inc flu hosp","2022-02-05","36","quantile",0.9,46
"2022-01-31","1 wk ahead inc flu hosp","2022-02-05","36","quantile",0.95,56
"2022-01-31","1 wk ahead inc flu hosp","2022-02-05","36","quantile",0.975,65
"2022-01-31","1 wk ahead inc flu hosp","2022-02-05","36","quantile",0.99,76
"2022-01-31","2 wk ahead inc flu hosp","2022-02-12","36","quantile",0.01,0
"2022-01-31","2 wk ahead inc flu hosp","2022-02-12","36","quantile",0.025,0
"2022-01-31","2 wk ahead inc flu hosp","2022-02-12","36","quantile",0.05,0
"2022-01-31","2 wk ahead inc flu hosp","2022-02-12","36","quantile",0.1,0
"2022-01-31","2 wk ahead inc flu hosp","2022-02-12","36","quantile",0.15,0
"2022-01-31","2 wk ahead inc flu hosp","2022-02-12","36","quantile",0.2,0
"2022-01-31","2 wk ahead inc flu hosp","2022-02-12","36","quantile",0.25,1
"2022-01-31","2 wk ahead inc flu hosp","2022-02-12","36","quantile",0.3,2
"2022-01-31","2 wk ahead inc flu hosp","2022-02-12","36","quantile",0.35,5
"2022-01-31","2 wk ahead inc flu hosp","2022-02-12","36","quantile",0.4,8
"2022-01-31","2 wk ahead inc flu hosp","2022-02-12","36","quantile",0.45,11
"2022-01-31","2 wk ahead inc flu hosp","2022-02-12","36","quantile",0.5,15
"2022-01-31","2 wk ahead inc flu hosp","2022-02-12","36","quantile",0.55,20
"2022-01-31","2 wk ahead inc flu hosp","2022-02-12","36","quantile",0.6,24
"2022-01-31","2 wk ahead inc flu hosp","2022-02-12","36","quantile",0.65,29
"2022-01-31","2 wk ahead inc flu hosp","2022-02-12","36","quantile",0.7,35
"2022-01-31","2 wk ahead inc flu hosp","2022-02-12","36","quantile",0.75,41
"2022-01-31","2 wk ahead inc flu hosp","2022-02-12","36","quantile",0.8,47
"2022-01-31","2 wk ahead inc flu hosp","2022-02-12","36","quantile",0.85,55
"2022-01-31","2 wk ahead inc flu hosp","2022-02-12","36","quantile",0.9,65
"2022-01-31","2 wk ahead inc flu hosp","2022-02-12","36","quantile",0.95,80
"2022-01-31","2 wk ahead inc flu hosp","2022-02-12","36","quantile",0.975,93
"2022-01-31","2 wk ahead inc flu hosp","2022-02-12","36","quantile",0.99,108
"2022-01-31","3 wk ahead inc flu hosp","2022-02-19","36","quantile",0.01,0
"2022-01-31","3 wk ahead inc flu hosp","2022-02-19","36","quantile",0.025,0
"2022-01-31","3 wk ahead inc flu hosp","2022-02-19","36","quantile",0.05,0
"2022-01-31","3 wk ahead inc flu hosp","2022-02-19","36","quantile",0.1,0
"2022-01-31","3 wk ahead inc flu hosp","2022-02-19","36","quantile",0.15,0
"2022-01-31","3 wk ahead inc flu hosp","2022-02-19","36","quantile",0.2,0
"2022-01-31","3 wk ahead inc flu hosp","2022-02-19","36","quantile",0.25,0
"2022-01-31","3 wk ahead inc flu hosp","2022-02-19","36","quantile",0.3,1
"2022-01-31","3 wk ahead inc flu hosp","2022-02-19","36","quantile",0.35,3
"2022-01-31","3 wk ahead inc flu hosp","2022-02-19","36","quantile",0.4,6
"2022-01-31","3 wk ahead inc flu hosp","2022-02-19","36","quantile",0.45,10
"2022-01-31","3 wk ahead inc flu hosp","2022-02-19","36","quantile",0.5,15
"2022-01-31","3 wk ahead inc flu hosp","2022-02-19","36","quantile",0.55,21
"2022-01-31","3 wk ahead inc flu hosp","2022-02-19","36","quantile",0.6,27
"2022-01-31","3 wk ahead inc flu hosp","2022-02-19","36","quantile",0.65,33
"2022-01-31","3 wk ahead inc flu hosp","2022-02-19","36","quantile",0.7,40
"2022-01-31","3 wk ahead inc flu hosp","2022-02-19","36","quantile",0.75,48
"2022-01-31","3 wk ahead inc flu hosp","2022-02-19","36","quantile",0.8,56
"2022-01-31","3 wk ahead inc flu hosp","2022-02-19","36","quantile",0.85,66
"2022-01-31","3 wk ahead inc flu hosp","2022-02-19","36","quantile",0.9,78
"2022-01-31","3 wk ahead inc flu hosp","2022-02-19","36","quantile",0.95,97
"2022-01-31","3 wk ahead inc flu hosp","2022-02-19","36","quantile",0.975,113
"2022-01-31","3 wk ahead inc flu hosp","2022-02-19","36","quantile",0.99,131
"2022-01-31","4 wk ahead inc flu hosp","2022-02-26","36","quantile",0.01,0
"2022-01-31","4 wk ahead inc flu hosp","2022-02-26","36","quantile",0.025,0
"2022-01-31","4 wk ahead inc flu hosp","2022-02-26","36","quantile",0.05,0
"2022-01-31","4 wk ahead inc flu hosp","2022-02-26","36","quantile",0.1,0
"2022-01-31","4 wk ahead inc flu hosp","2022-02-26","36","quantile",0.15,0
"2022-01-31","4 wk ahead inc flu hosp","2022-02-26","36","quantile",0.2,0
"2022-01-31","4 wk ahead inc flu hosp","2022-02-26","36","quantile",0.25,0
"2022-01-31","4 wk ahead inc flu hosp","2022-02-26","36","quantile",0.3,0
"2022-01-31","4 wk ahead inc flu hosp","2022-02-26","36","quantile",0.35,2
"2022-01-31","4 wk ahead inc flu hosp","2022-02-26","36","quantile",0.4,5
"2022-01-31","4 wk ahead inc flu hosp","2022-02-26","36","quantile",0.45,10
"2022-01-31","4 wk ahead inc flu hosp","2022-02-26","36","quantile",0.5,15
"2022-01-31","4 wk ahead inc flu hosp","2022-02-26","36","quantile",0.55,22
"2022-01-31","4 wk ahead inc flu hosp","2022-02-26","36","quantile",0.6,29
"2022-01-31","4 wk ahead inc flu hosp","2022-02-26","36","quantile",0.65,37
"2022-01-31","4 wk ahead inc flu hosp","2022-02-26","36","quantile",0.7,45
"2022-01-31","4 wk ahead inc flu hosp","2022-02-26","36","quantile",0.75,53
"2022-01-31","4 wk ahead inc flu hosp","2022-02-26","36","quantile",0.8,63
"2022-01-31","4 wk ahead inc flu hosp","2022-02-26","36","quantile",0.85,74
"2022-01-31","4 wk ahead inc flu hosp","2022-02-26","36","quantile",0.9,89
"2022-01-31","4 wk ahead inc flu hosp","2022-02-26","36","quantile",0.95,111
"2022-01-31","4 wk ahead inc flu hosp","2022-02-26","36","quantile",0.975,130
"2022-01-31","4 wk ahead inc flu hosp","2022-02-26","36","quantile",0.99,152
"2022-01-31","1 wk ahead inc flu hosp","2022-02-05","36","point",NA,15
"2022-01-31","2 wk ahead inc flu hosp","2022-02-12","36","point",NA,15
"2022-01-31","3 wk ahead inc flu hosp","2022-02-19","36","point",NA,15
"2022-01-31","4 wk ahead inc flu hosp","2022-02-26","36","point",NA,15
"2022-01-31","1 wk ahead inc flu hosp","2022-02-05","37","quantile",0.01,0
"2022-01-31","1 wk ahead inc flu hosp","2022-02-05","37","quantile",0.025,0
"2022-01-31","1 wk ahead inc flu hosp","2022-02-05","37","quantile",0.05,1
"2022-01-31","1 wk ahead inc flu hosp","2022-02-05","37","quantile",0.1,3
"2022-01-31","1 wk ahead inc flu hosp","2022-02-05","37","quantile",0.15,5
"2022-01-31","1 wk ahead inc flu hosp","2022-02-05","37","quantile",0.2,7
"2022-01-31","1 wk ahead inc flu hosp","2022-02-05","37","quantile",0.25,10
"2022-01-31","1 wk ahead inc flu hosp","2022-02-05","37","quantile",0.3,12
"2022-01-31","1 wk ahead inc flu hosp","2022-02-05","37","quantile",0.35,15
"2022-01-31","1 wk ahead inc flu hosp","2022-02-05","37","quantile",0.4,17
"2022-01-31","1 wk ahead inc flu hosp","2022-02-05","37","quantile",0.45,19
"2022-01-31","1 wk ahead inc flu hosp","2022-02-05","37","quantile",0.5,21
"2022-01-31","1 wk ahead inc flu hosp","2022-02-05","37","quantile",0.55,24
"2022-01-31","1 wk ahead inc flu hosp","2022-02-05","37","quantile",0.6,26
"2022-01-31","1 wk ahead inc flu hosp","2022-02-05","37","quantile",0.65,29
"2022-01-31","1 wk ahead inc flu hosp","2022-02-05","37","quantile",0.7,31
"2022-01-31","1 wk ahead inc flu hosp","2022-02-05","37","quantile",0.75,34
"2022-01-31","1 wk ahead inc flu hosp","2022-02-05","37","quantile",0.8,37
"2022-01-31","1 wk ahead inc flu hosp","2022-02-05","37","quantile",0.85,41
"2022-01-31","1 wk ahead inc flu hosp","2022-02-05","37","quantile",0.9,45
"2022-01-31","1 wk ahead inc flu hosp","2022-02-05","37","quantile",0.95,52
"2022-01-31","1 wk ahead inc flu hosp","2022-02-05","37","quantile",0.975,58
"2022-01-31","1 wk ahead inc flu hosp","2022-02-05","37","quantile",0.99,64
"2022-01-31","2 wk ahead inc flu hosp","2022-02-12","37","quantile",0.01,0
"2022-01-31","2 wk ahead inc flu hosp","2022-02-12","37","quantile",0.025,0
"2022-01-31","2 wk ahead inc flu hosp","2022-02-12","37","quantile",0.05,0
"2022-01-31","2 wk ahead inc flu hosp","2022-02-12","37","quantile",0.1,0
"2022-01-31","2 wk ahead inc flu hosp","2022-02-12","37","quantile",0.15,1
"2022-01-31","2 wk ahead inc flu hosp","2022-02-12","37","quantile",0.2,3
"2022-01-31","2 wk ahead inc flu hosp","2022-02-12","37","quantile",0.25,5
"2022-01-31","2 wk ahead inc flu hosp","2022-02-12","37","quantile",0.3,8
"2022-01-31","2 wk ahead inc flu hosp","2022-02-12","37","quantile",0.35,11
"2022-01-31","2 wk ahead inc flu hosp","2022-02-12","37","quantile",0.4,14
"2022-01-31","2 wk ahead inc flu hosp","2022-02-12","37","quantile",0.45,18
"2022-01-31","2 wk ahead inc flu hosp","2022-02-12","37","quantile",0.5,22
"2022-01-31","2 wk ahead inc flu hosp","2022-02-12","37","quantile",0.55,25
"2022-01-31","2 wk ahead inc flu hosp","2022-02-12","37","quantile",0.6,29
"2022-01-31","2 wk ahead inc flu hosp","2022-02-12","37","quantile",0.65,33
"2022-01-31","2 wk ahead inc flu hosp","2022-02-12","37","quantile",0.7,37
"2022-01-31","2 wk ahead inc flu hosp","2022-02-12","37","quantile",0.75,41
"2022-01-31","2 wk ahead inc flu hosp","2022-02-12","37","quantile",0.8,46
"2022-01-31","2 wk ahead inc flu hosp","2022-02-12","37","quantile",0.85,52
"2022-01-31","2 wk ahead inc flu hosp","2022-02-12","37","quantile",0.9,59
"2022-01-31","2 wk ahead inc flu hosp","2022-02-12","37","quantile",0.95,69
"2022-01-31","2 wk ahead inc flu hosp","2022-02-12","37","quantile",0.975,78
"2022-01-31","2 wk ahead inc flu hosp","2022-02-12","37","quantile",0.99,88
"2022-01-31","3 wk ahead inc flu hosp","2022-02-19","37","quantile",0.01,0
"2022-01-31","3 wk ahead inc flu hosp","2022-02-19","37","quantile",0.025,0
"2022-01-31","3 wk ahead inc flu hosp","2022-02-19","37","quantile",0.05,0
"2022-01-31","3 wk ahead inc flu hosp","2022-02-19","37","quantile",0.1,0
"2022-01-31","3 wk ahead inc flu hosp","2022-02-19","37","quantile",0.15,0
"2022-01-31","3 wk ahead inc flu hosp","2022-02-19","37","quantile",0.2,1
"2022-01-31","3 wk ahead inc flu hosp","2022-02-19","37","quantile",0.25,2
"2022-01-31","3 wk ahead inc flu hosp","2022-02-19","37","quantile",0.3,5
"2022-01-31","3 wk ahead inc flu hosp","2022-02-19","37","quantile",0.35,9
"2022-01-31","3 wk ahead inc flu hosp","2022-02-19","37","quantile",0.4,13
"2022-01-31","3 wk ahead inc flu hosp","2022-02-19","37","quantile",0.45,17
"2022-01-31","3 wk ahead inc flu hosp","2022-02-19","37","quantile",0.5,22
"2022-01-31","3 wk ahead inc flu hosp","2022-02-19","37","quantile",0.55,26
"2022-01-31","3 wk ahead inc flu hosp","2022-02-19","37","quantile",0.6,31
"2022-01-31","3 wk ahead inc flu hosp","2022-02-19","37","quantile",0.65,36
"2022-01-31","3 wk ahead inc flu hosp","2022-02-19","37","quantile",0.7,41
"2022-01-31","3 wk ahead inc flu hosp","2022-02-19","37","quantile",0.75,46
"2022-01-31","3 wk ahead inc flu hosp","2022-02-19","37","quantile",0.8,52
"2022-01-31","3 wk ahead inc flu hosp","2022-02-19","37","quantile",0.85,59
"2022-01-31","3 wk ahead inc flu hosp","2022-02-19","37","quantile",0.9,68
"2022-01-31","3 wk ahead inc flu hosp","2022-02-19","37","quantile",0.95,82
"2022-01-31","3 wk ahead inc flu hosp","2022-02-19","37","quantile",0.975,93
"2022-01-31","3 wk ahead inc flu hosp","2022-02-19","37","quantile",0.99,106
"2022-01-31","4 wk ahead inc flu hosp","2022-02-26","37","quantile",0.01,0
"2022-01-31","4 wk ahead inc flu hosp","2022-02-26","37","quantile",0.025,0
"2022-01-31","4 wk ahead inc flu hosp","2022-02-26","37","quantile",0.05,0
"2022-01-31","4 wk ahead inc flu hosp","2022-02-26","37","quantile",0.1,0
"2022-01-31","4 wk ahead inc flu hosp","2022-02-26","37","quantile",0.15,0
"2022-01-31","4 wk ahead inc flu hosp","2022-02-26","37","quantile",0.2,0
"2022-01-31","4 wk ahead inc flu hosp","2022-02-26","37","quantile",0.25,1
"2022-01-31","4 wk ahead inc flu hosp","2022-02-26","37","quantile",0.3,3
"2022-01-31","4 wk ahead inc flu hosp","2022-02-26","37","quantile",0.35,7
"2022-01-31","4 wk ahead inc flu hosp","2022-02-26","37","quantile",0.4,11
"2022-01-31","4 wk ahead inc flu hosp","2022-02-26","37","quantile",0.45,16
"2022-01-31","4 wk ahead inc flu hosp","2022-02-26","37","quantile",0.5,21
"2022-01-31","4 wk ahead inc flu hosp","2022-02-26","37","quantile",0.55,27
"2022-01-31","4 wk ahead inc flu hosp","2022-02-26","37","quantile",0.6,32
"2022-01-31","4 wk ahead inc flu hosp","2022-02-26","37","quantile",0.65,38
"2022-01-31","4 wk ahead inc flu hosp","2022-02-26","37","quantile",0.7,44
"2022-01-31","4 wk ahead inc flu hosp","2022-02-26","37","quantile",0.75,50
"2022-01-31","4 wk ahead inc flu hosp","2022-02-26","37","quantile",0.8,58
"2022-01-31","4 wk ahead inc flu hosp","2022-02-26","37","quantile",0.85,66
"2022-01-31","4 wk ahead inc flu hosp","2022-02-26","37","quantile",0.9,76
"2022-01-31","4 wk ahead inc flu hosp","2022-02-26","37","quantile",0.95,92
"2022-01-31","4 wk ahead inc flu hosp","2022-02-26","37","quantile",0.975,106
"2022-01-31","4 wk ahead inc flu hosp","2022-02-26","37","quantile",0.99,121
"2022-01-31","1 wk ahead inc flu hosp","2022-02-05","37","point",NA,21
"2022-01-31","2 wk ahead inc flu hosp","2022-02-12","37","point",NA,22
"2022-01-31","3 wk ahead inc flu hosp","2022-02-19","37","point",NA,22
"2022-01-31","4 wk ahead inc flu hosp","2022-02-26","37","point",NA,21
"2022-01-31","1 wk ahead inc flu hosp","2022-02-05","38","quantile",0.01,0
"2022-01-31","1 wk ahead inc flu hosp","2022-02-05","38","quantile",0.025,0
"2022-01-31","1 wk ahead inc flu hosp","2022-02-05","38","quantile",0.05,0
"2022-01-31","1 wk ahead inc flu hosp","2022-02-05","38","quantile",0.1,0
"2022-01-31","1 wk ahead inc flu hosp","2022-02-05","38","quantile",0.15,1
"2022-01-31","1 wk ahead inc flu hosp","2022-02-05","38","quantile",0.2,2
"2022-01-31","1 wk ahead inc flu hosp","2022-02-05","38","quantile",0.25,4
"2022-01-31","1 wk ahead inc flu hosp","2022-02-05","38","quantile",0.3,6
"2022-01-31","1 wk ahead inc flu hosp","2022-02-05","38","quantile",0.35,8
"2022-01-31","1 wk ahead inc flu hosp","2022-02-05","38","quantile",0.4,10
"2022-01-31","1 wk ahead inc flu hosp","2022-02-05","38","quantile",0.45,12
"2022-01-31","1 wk ahead inc flu hosp","2022-02-05","38","quantile",0.5,15
"2022-01-31","1 wk ahead inc flu hosp","2022-02-05","38","quantile",0.55,17
"2022-01-31","1 wk ahead inc flu hosp","2022-02-05","38","quantile",0.6,20
"2022-01-31","1 wk ahead inc flu hosp","2022-02-05","38","quantile",0.65,23
"2022-01-31","1 wk ahead inc flu hosp","2022-02-05","38","quantile",0.7,27
"2022-01-31","1 wk ahead inc flu hosp","2022-02-05","38","quantile",0.75,30
"2022-01-31","1 wk ahead inc flu hosp","2022-02-05","38","quantile",0.8,34
"2022-01-31","1 wk ahead inc flu hosp","2022-02-05","38","quantile",0.85,38
"2022-01-31","1 wk ahead inc flu hosp","2022-02-05","38","quantile",0.9,44
"2022-01-31","1 wk ahead inc flu hosp","2022-02-05","38","quantile",0.95,52
"2022-01-31","1 wk ahead inc flu hosp","2022-02-05","38","quantile",0.975,59
"2022-01-31","1 wk ahead inc flu hosp","2022-02-05","38","quantile",0.99,66
"2022-01-31","2 wk ahead inc flu hosp","2022-02-12","38","quantile",0.01,0
"2022-01-31","2 wk ahead inc flu hosp","2022-02-12","38","quantile",0.025,0
"2022-01-31","2 wk ahead inc flu hosp","2022-02-12","38","quantile",0.05,0
"2022-01-31","2 wk ahead inc flu hosp","2022-02-12","38","quantile",0.1,0
"2022-01-31","2 wk ahead inc flu hosp","2022-02-12","38","quantile",0.15,0
"2022-01-31","2 wk ahead inc flu hosp","2022-02-12","38","quantile",0.2,0
"2022-01-31","2 wk ahead inc flu hosp","2022-02-12","38","quantile",0.25,1
"2022-01-31","2 wk ahead inc flu hosp","2022-02-12","38","quantile",0.3,3
"2022-01-31","2 wk ahead inc flu hosp","2022-02-12","38","quantile",0.35,5
"2022-01-31","2 wk ahead inc flu hosp","2022-02-12","38","quantile",0.4,8
"2022-01-31","2 wk ahead inc flu hosp","2022-02-12","38","quantile",0.45,11
"2022-01-31","2 wk ahead inc flu hosp","2022-02-12","38","quantile",0.5,15
"2022-01-31","2 wk ahead inc flu hosp","2022-02-12","38","quantile",0.55,19
"2022-01-31","2 wk ahead inc flu hosp","2022-02-12","38","quantile",0.6,24
"2022-01-31","2 wk ahead inc flu hosp","2022-02-12","38","quantile",0.65,28
"2022-01-31","2 wk ahead inc flu hosp","2022-02-12","38","quantile",0.7,33
"2022-01-31","2 wk ahead inc flu hosp","2022-02-12","38","quantile",0.75,39
"2022-01-31","2 wk ahead inc flu hosp","2022-02-12","38","quantile",0.8,45
"2022-01-31","2 wk ahead inc flu hosp","2022-02-12","38","quantile",0.85,52
"2022-01-31","2 wk ahead inc flu hosp","2022-02-12","38","quantile",0.9,60
"2022-01-31","2 wk ahead inc flu hosp","2022-02-12","38","quantile",0.95,73
"2022-01-31","2 wk ahead inc flu hosp","2022-02-12","38","quantile",0.975,84
"2022-01-31","2 wk ahead inc flu hosp","2022-02-12","38","quantile",0.99,96
"2022-01-31","3 wk ahead inc flu hosp","2022-02-19","38","quantile",0.01,0
"2022-01-31","3 wk ahead inc flu hosp","2022-02-19","38","quantile",0.025,0
"2022-01-31","3 wk ahead inc flu hosp","2022-02-19","38","quantile",0.05,0
"2022-01-31","3 wk ahead inc flu hosp","2022-02-19","38","quantile",0.1,0
"2022-01-31","3 wk ahead inc flu hosp","2022-02-19","38","quantile",0.15,0
"2022-01-31","3 wk ahead inc flu hosp","2022-02-19","38","quantile",0.2,0
"2022-01-31","3 wk ahead inc flu hosp","2022-02-19","38","quantile",0.25,0
"2022-01-31","3 wk ahead inc flu hosp","2022-02-19","38","quantile",0.3,1
"2022-01-31","3 wk ahead inc flu hosp","2022-02-19","38","quantile",0.35,3
"2022-01-31","3 wk ahead inc flu hosp","2022-02-19","38","quantile",0.4,6
"2022-01-31","3 wk ahead inc flu hosp","2022-02-19","38","quantile",0.45,10
"2022-01-31","3 wk ahead inc flu hosp","2022-02-19","38","quantile",0.5,15
"2022-01-31","3 wk ahead inc flu hosp","2022-02-19","38","quantile",0.55,20
"2022-01-31","3 wk ahead inc flu hosp","2022-02-19","38","quantile",0.6,26
"2022-01-31","3 wk ahead inc flu hosp","2022-02-19","38","quantile",0.65,32
"2022-01-31","3 wk ahead inc flu hosp","2022-02-19","38","quantile",0.7,38
"2022-01-31","3 wk ahead inc flu hosp","2022-02-19","38","quantile",0.75,45
"2022-01-31","3 wk ahead inc flu hosp","2022-02-19","38","quantile",0.8,53
"2022-01-31","3 wk ahead inc flu hosp","2022-02-19","38","quantile",0.85,61
"2022-01-31","3 wk ahead inc flu hosp","2022-02-19","38","quantile",0.9,72
"2022-01-31","3 wk ahead inc flu hosp","2022-02-19","38","quantile",0.95,88
"2022-01-31","3 wk ahead inc flu hosp","2022-02-19","38","quantile",0.975,102
"2022-01-31","3 wk ahead inc flu hosp","2022-02-19","38","quantile",0.99,117
"2022-01-31","4 wk ahead inc flu hosp","2022-02-26","38","quantile",0.01,0
"2022-01-31","4 wk ahead inc flu hosp","2022-02-26","38","quantile",0.025,0
"2022-01-31","4 wk ahead inc flu hosp","2022-02-26","38","quantile",0.05,0
"2022-01-31","4 wk ahead inc flu hosp","2022-02-26","38","quantile",0.1,0
"2022-01-31","4 wk ahead inc flu hosp","2022-02-26","38","quantile",0.15,0
"2022-01-31","4 wk ahead inc flu hosp","2022-02-26","38","quantile",0.2,0
"2022-01-31","4 wk ahead inc flu hosp","2022-02-26","38","quantile",0.25,0
"2022-01-31","4 wk ahead inc flu hosp","2022-02-26","38","quantile",0.3,1
"2022-01-31","4 wk ahead inc flu hosp","2022-02-26","38","quantile",0.35,2
"2022-01-31","4 wk ahead inc flu hosp","2022-02-26","38","quantile",0.4,5
"2022-01-31","4 wk ahead inc flu hosp","2022-02-26","38","quantile",0.45,10
"2022-01-31","4 wk ahead inc flu hosp","2022-02-26","38","quantile",0.5,15
"2022-01-31","4 wk ahead inc flu hosp","2022-02-26","38","quantile",0.55,21
"2022-01-31","4 wk ahead inc flu hosp","2022-02-26","38","quantile",0.6,28
"2022-01-31","4 wk ahead inc flu hosp","2022-02-26","38","quantile",0.65,35
"2022-01-31","4 wk ahead inc flu hosp","2022-02-26","38","quantile",0.7,42
"2022-01-31","4 wk ahead inc flu hosp","2022-02-26","38","quantile",0.75,50
"2022-01-31","4 wk ahead inc flu hosp","2022-02-26","38","quantile",0.8,59
"2022-01-31","4 wk ahead inc flu hosp","2022-02-26","38","quantile",0.85,69
"2022-01-31","4 wk ahead inc flu hosp","2022-02-26","38","quantile",0.9,82
"2022-01-31","4 wk ahead inc flu hosp","2022-02-26","38","quantile",0.95,101
"2022-01-31","4 wk ahead inc flu hosp","2022-02-26","38","quantile",0.975,116
"2022-01-31","4 wk ahead inc flu hosp","2022-02-26","38","quantile",0.99,135
"2022-01-31","1 wk ahead inc flu hosp","2022-02-05","38","point",NA,15
"2022-01-31","2 wk ahead inc flu hosp","2022-02-12","38","point",NA,15
"2022-01-31","3 wk ahead inc flu hosp","2022-02-19","38","point",NA,15
"2022-01-31","4 wk ahead inc flu hosp","2022-02-26","38","point",NA,15
"2022-01-31","1 wk ahead inc flu hosp","2022-02-05","39","quantile",0.01,0
"2022-01-31","1 wk ahead inc flu hosp","2022-02-05","39","quantile",0.025,0
"2022-01-31","1 wk ahead inc flu hosp","2022-02-05","39","quantile",0.05,1
"2022-01-31","1 wk ahead inc flu hosp","2022-02-05","39","quantile",0.1,4
"2022-01-31","1 wk ahead inc flu hosp","2022-02-05","39","quantile",0.15,8
"2022-01-31","1 wk ahead inc flu hosp","2022-02-05","39","quantile",0.2,12
"2022-01-31","1 wk ahead inc flu hosp","2022-02-05","39","quantile",0.25,17
"2022-01-31","1 wk ahead inc flu hosp","2022-02-05","39","quantile",0.3,22
"2022-01-31","1 wk ahead inc flu hosp","2022-02-05","39","quantile",0.35,27
"2022-01-31","1 wk ahead inc flu hosp","2022-02-05","39","quantile",0.4,32
"2022-01-31","1 wk ahead inc flu hosp","2022-02-05","39","quantile",0.45,37
"2022-01-31","1 wk ahead inc flu hosp","2022-02-05","39","quantile",0.5,43
"2022-01-31","1 wk ahead inc flu hosp","2022-02-05","39","quantile",0.55,48
"2022-01-31","1 wk ahead inc flu hosp","2022-02-05","39","quantile",0.6,53
"2022-01-31","1 wk ahead inc flu hosp","2022-02-05","39","quantile",0.65,59
"2022-01-31","1 wk ahead inc flu hosp","2022-02-05","39","quantile",0.7,65
"2022-01-31","1 wk ahead inc flu hosp","2022-02-05","39","quantile",0.75,71
"2022-01-31","1 wk ahead inc flu hosp","2022-02-05","39","quantile",0.8,79
"2022-01-31","1 wk ahead inc flu hosp","2022-02-05","39","quantile",0.85,87
"2022-01-31","1 wk ahead inc flu hosp","2022-02-05","39","quantile",0.9,97
"2022-01-31","1 wk ahead inc flu hosp","2022-02-05","39","quantile",0.95,113
"2022-01-31","1 wk ahead inc flu hosp","2022-02-05","39","quantile",0.975,126
"2022-01-31","1 wk ahead inc flu hosp","2022-02-05","39","quantile",0.99,141
"2022-01-31","2 wk ahead inc flu hosp","2022-02-12","39","quantile",0.01,0
"2022-01-31","2 wk ahead inc flu hosp","2022-02-12","39","quantile",0.025,0
"2022-01-31","2 wk ahead inc flu hosp","2022-02-12","39","quantile",0.05,0
"2022-01-31","2 wk ahead inc flu hosp","2022-02-12","39","quantile",0.1,0
"2022-01-31","2 wk ahead inc flu hosp","2022-02-12","39","quantile",0.15,1
"2022-01-31","2 wk ahead inc flu hosp","2022-02-12","39","quantile",0.2,3
"2022-01-31","2 wk ahead inc flu hosp","2022-02-12","39","quantile",0.25,7
"2022-01-31","2 wk ahead inc flu hosp","2022-02-12","39","quantile",0.3,13
"2022-01-31","2 wk ahead inc flu hosp","2022-02-12","39","quantile",0.35,20
"2022-01-31","2 wk ahead inc flu hosp","2022-02-12","39","quantile",0.4,27
"2022-01-31","2 wk ahead inc flu hosp","2022-02-12","39","quantile",0.45,35
"2022-01-31","2 wk ahead inc flu hosp","2022-02-12","39","quantile",0.5,43
"2022-01-31","2 wk ahead inc flu hosp","2022-02-12","39","quantile",0.55,51
"2022-01-31","2 wk ahead inc flu hosp","2022-02-12","39","quantile",0.6,59
"2022-01-31","2 wk ahead inc flu hosp","2022-02-12","39","quantile",0.65,68
"2022-01-31","2 wk ahead inc flu hosp","2022-02-12","39","quantile",0.7,77
"2022-01-31","2 wk ahead inc flu hosp","2022-02-12","39","quantile",0.75,87
"2022-01-31","2 wk ahead inc flu hosp","2022-02-12","39","quantile",0.8,98
"2022-01-31","2 wk ahead inc flu hosp","2022-02-12","39","quantile",0.85,111
"2022-01-31","2 wk ahead inc flu hosp","2022-02-12","39","quantile",0.9,127
"2022-01-31","2 wk ahead inc flu hosp","2022-02-12","39","quantile",0.95,151
"2022-01-31","2 wk ahead inc flu hosp","2022-02-12","39","quantile",0.975,172
"2022-01-31","2 wk ahead inc flu hosp","2022-02-12","39","quantile",0.99,196
"2022-01-31","3 wk ahead inc flu hosp","2022-02-19","39","quantile",0.01,0
"2022-01-31","3 wk ahead inc flu hosp","2022-02-19","39","quantile",0.025,0
"2022-01-31","3 wk ahead inc flu hosp","2022-02-19","39","quantile",0.05,0
"2022-01-31","3 wk ahead inc flu hosp","2022-02-19","39","quantile",0.1,0
"2022-01-31","3 wk ahead inc flu hosp","2022-02-19","39","quantile",0.15,0
"2022-01-31","3 wk ahead inc flu hosp","2022-02-19","39","quantile",0.2,0
"2022-01-31","3 wk ahead inc flu hosp","2022-02-19","39","quantile",0.25,3
"2022-01-31","3 wk ahead inc flu hosp","2022-02-19","39","quantile",0.3,8
"2022-01-31","3 wk ahead inc flu hosp","2022-02-19","39","quantile",0.35,15
"2022-01-31","3 wk ahead inc flu hosp","2022-02-19","39","quantile",0.4,23
"2022-01-31","3 wk ahead inc flu hosp","2022-02-19","39","quantile",0.45,33
"2022-01-31","3 wk ahead inc flu hosp","2022-02-19","39","quantile",0.5,43
"2022-01-31","3 wk ahead inc flu hosp","2022-02-19","39","quantile",0.55,53
"2022-01-31","3 wk ahead inc flu hosp","2022-02-19","39","quantile",0.6,64
"2022-01-31","3 wk ahead inc flu hosp","2022-02-19","39","quantile",0.65,75
"2022-01-31","3 wk ahead inc flu hosp","2022-02-19","39","quantile",0.7,86
"2022-01-31","3 wk ahead inc flu hosp","2022-02-19","39","quantile",0.75,99
"2022-01-31","3 wk ahead inc flu hosp","2022-02-19","39","quantile",0.8,113
"2022-01-31","3 wk ahead inc flu hosp","2022-02-19","39","quantile",0.85,129
"2022-01-31","3 wk ahead inc flu hosp","2022-02-19","39","quantile",0.9,149
"2022-01-31","3 wk ahead inc flu hosp","2022-02-19","39","quantile",0.95,180
"2022-01-31","3 wk ahead inc flu hosp","2022-02-19","39","quantile",0.975,206
"2022-01-31","3 wk ahead inc flu hosp","2022-02-19","39","quantile",0.99,237
"2022-01-31","4 wk ahead inc flu hosp","2022-02-26","39","quantile",0.01,0
"2022-01-31","4 wk ahead inc flu hosp","2022-02-26","39","quantile",0.025,0
"2022-01-31","4 wk ahead inc flu hosp","2022-02-26","39","quantile",0.05,0
"2022-01-31","4 wk ahead inc flu hosp","2022-02-26","39","quantile",0.1,0
"2022-01-31","4 wk ahead inc flu hosp","2022-02-26","39","quantile",0.15,0
"2022-01-31","4 wk ahead inc flu hosp","2022-02-26","39","quantile",0.2,0
"2022-01-31","4 wk ahead inc flu hosp","2022-02-26","39","quantile",0.25,1
"2022-01-31","4 wk ahead inc flu hosp","2022-02-26","39","quantile",0.3,5
"2022-01-31","4 wk ahead inc flu hosp","2022-02-26","39","quantile",0.35,11
"2022-01-31","4 wk ahead inc flu hosp","2022-02-26","39","quantile",0.4,20
"2022-01-31","4 wk ahead inc flu hosp","2022-02-26","39","quantile",0.45,31
"2022-01-31","4 wk ahead inc flu hosp","2022-02-26","39","quantile",0.5,43
"2022-01-31","4 wk ahead inc flu hosp","2022-02-26","39","quantile",0.55,55
"2022-01-31","4 wk ahead inc flu hosp","2022-02-26","39","quantile",0.6,68
"2022-01-31","4 wk ahead inc flu hosp","2022-02-26","39","quantile",0.65,81
"2022-01-31","4 wk ahead inc flu hosp","2022-02-26","39","quantile",0.7,94
"2022-01-31","4 wk ahead inc flu hosp","2022-02-26","39","quantile",0.75,109
"2022-01-31","4 wk ahead inc flu hosp","2022-02-26","39","quantile",0.8,125
"2022-01-31","4 wk ahead inc flu hosp","2022-02-26","39","quantile",0.85,144
"2022-01-31","4 wk ahead inc flu hosp","2022-02-26","39","quantile",0.9,168
"2022-01-31","4 wk ahead inc flu hosp","2022-02-26","39","quantile",0.95,203
"2022-01-31","4 wk ahead inc flu hosp","2022-02-26","39","quantile",0.975,233
"2022-01-31","4 wk ahead inc flu hosp","2022-02-26","39","quantile",0.99,270
"2022-01-31","1 wk ahead inc flu hosp","2022-02-05","39","point",NA,43
"2022-01-31","2 wk ahead inc flu hosp","2022-02-12","39","point",NA,43
"2022-01-31","3 wk ahead inc flu hosp","2022-02-19","39","point",NA,43
"2022-01-31","4 wk ahead inc flu hosp","2022-02-26","39","point",NA,43
"2022-01-31","1 wk ahead inc flu hosp","2022-02-05","40","quantile",0.01,0
"2022-01-31","1 wk ahead inc flu hosp","2022-02-05","40","quantile",0.025,0
"2022-01-31","1 wk ahead inc flu hosp","2022-02-05","40","quantile",0.05,0
"2022-01-31","1 wk ahead inc flu hosp","2022-02-05","40","quantile",0.1,1
"2022-01-31","1 wk ahead inc flu hosp","2022-02-05","40","quantile",0.15,3
"2022-01-31","1 wk ahead inc flu hosp","2022-02-05","40","quantile",0.2,6
"2022-01-31","1 wk ahead inc flu hosp","2022-02-05","40","quantile",0.25,9
"2022-01-31","1 wk ahead inc flu hosp","2022-02-05","40","quantile",0.3,12
"2022-01-31","1 wk ahead inc flu hosp","2022-02-05","40","quantile",0.35,16
"2022-01-31","1 wk ahead inc flu hosp","2022-02-05","40","quantile",0.4,20
"2022-01-31","1 wk ahead inc flu hosp","2022-02-05","40","quantile",0.45,24
"2022-01-31","1 wk ahead inc flu hosp","2022-02-05","40","quantile",0.5,29
"2022-01-31","1 wk ahead inc flu hosp","2022-02-05","40","quantile",0.55,34
"2022-01-31","1 wk ahead inc flu hosp","2022-02-05","40","quantile",0.6,38
"2022-01-31","1 wk ahead inc flu hosp","2022-02-05","40","quantile",0.65,43
"2022-01-31","1 wk ahead inc flu hosp","2022-02-05","40","quantile",0.7,49
"2022-01-31","1 wk ahead inc flu hosp","2022-02-05","40","quantile",0.75,55
"2022-01-31","1 wk ahead inc flu hosp","2022-02-05","40","quantile",0.8,61
"2022-01-31","1 wk ahead inc flu hosp","2022-02-05","40","quantile",0.85,69
"2022-01-31","1 wk ahead inc flu hosp","2022-02-05","40","quantile",0.9,78
"2022-01-31","1 wk ahead inc flu hosp","2022-02-05","40","quantile",0.95,92
"2022-01-31","1 wk ahead inc flu hosp","2022-02-05","40","quantile",0.975,104
"2022-01-31","1 wk ahead inc flu hosp","2022-02-05","40","quantile",0.99,118
"2022-01-31","2 wk ahead inc flu hosp","2022-02-12","40","quantile",0.01,0
"2022-01-31","2 wk ahead inc flu hosp","2022-02-12","40","quantile",0.025,0
"2022-01-31","2 wk ahead inc flu hosp","2022-02-12","40","quantile",0.05,0
"2022-01-31","2 wk ahead inc flu hosp","2022-02-12","40","quantile",0.1,0
"2022-01-31","2 wk ahead inc flu hosp","2022-02-12","40","quantile",0.15,0
"2022-01-31","2 wk ahead inc flu hosp","2022-02-12","40","quantile",0.2,1
"2022-01-31","2 wk ahead inc flu hosp","2022-02-12","40","quantile",0.25,3
"2022-01-31","2 wk ahead inc flu hosp","2022-02-12","40","quantile",0.3,6
"2022-01-31","2 wk ahead inc flu hosp","2022-02-12","40","quantile",0.35,11
"2022-01-31","2 wk ahead inc flu hosp","2022-02-12","40","quantile",0.4,16
"2022-01-31","2 wk ahead inc flu hosp","2022-02-12","40","quantile",0.45,22
"2022-01-31","2 wk ahead inc flu hosp","2022-02-12","40","quantile",0.5,29
"2022-01-31","2 wk ahead inc flu hosp","2022-02-12","40","quantile",0.55,36
"2022-01-31","2 wk ahead inc flu hosp","2022-02-12","40","quantile",0.6,44
"2022-01-31","2 wk ahead inc flu hosp","2022-02-12","40","quantile",0.65,52
"2022-01-31","2 wk ahead inc flu hosp","2022-02-12","40","quantile",0.7,60
"2022-01-31","2 wk ahead inc flu hosp","2022-02-12","40","quantile",0.75,70
"2022-01-31","2 wk ahead inc flu hosp","2022-02-12","40","quantile",0.8,80
"2022-01-31","2 wk ahead inc flu hosp","2022-02-12","40","quantile",0.85,91
"2022-01-31","2 wk ahead inc flu hosp","2022-02-12","40","quantile",0.9,106
"2022-01-31","2 wk ahead inc flu hosp","2022-02-12","40","quantile",0.95,128
"2022-01-31","2 wk ahead inc flu hosp","2022-02-12","40","quantile",0.975,146
"2022-01-31","2 wk ahead inc flu hosp","2022-02-12","40","quantile",0.99,167
"2022-01-31","3 wk ahead inc flu hosp","2022-02-19","40","quantile",0.01,0
"2022-01-31","3 wk ahead inc flu hosp","2022-02-19","40","quantile",0.025,0
"2022-01-31","3 wk ahead inc flu hosp","2022-02-19","40","quantile",0.05,0
"2022-01-31","3 wk ahead inc flu hosp","2022-02-19","40","quantile",0.1,0
"2022-01-31","3 wk ahead inc flu hosp","2022-02-19","40","quantile",0.15,0
"2022-01-31","3 wk ahead inc flu hosp","2022-02-19","40","quantile",0.2,0
"2022-01-31","3 wk ahead inc flu hosp","2022-02-19","40","quantile",0.25,1
"2022-01-31","3 wk ahead inc flu hosp","2022-02-19","40","quantile",0.3,3
"2022-01-31","3 wk ahead inc flu hosp","2022-02-19","40","quantile",0.35,7
"2022-01-31","3 wk ahead inc flu hosp","2022-02-19","40","quantile",0.4,13
"2022-01-31","3 wk ahead inc flu hosp","2022-02-19","40","quantile",0.45,21
"2022-01-31","3 wk ahead inc flu hosp","2022-02-19","40","quantile",0.5,29
"2022-01-31","3 wk ahead inc flu hosp","2022-02-19","40","quantile",0.55,38
"2022-01-31","3 wk ahead inc flu hosp","2022-02-19","40","quantile",0.6,48
"2022-01-31","3 wk ahead inc flu hosp","2022-02-19","40","quantile",0.65,58
"2022-01-31","3 wk ahead inc flu hosp","2022-02-19","40","quantile",0.7,68
"2022-01-31","3 wk ahead inc flu hosp","2022-02-19","40","quantile",0.75,80
"2022-01-31","3 wk ahead inc flu hosp","2022-02-19","40","quantile",0.8,92
"2022-01-31","3 wk ahead inc flu hosp","2022-02-19","40","quantile",0.85,107
"2022-01-31","3 wk ahead inc flu hosp","2022-02-19","40","quantile",0.9,126
"2022-01-31","3 wk ahead inc flu hosp","2022-02-19","40","quantile",0.95,153
"2022-01-31","3 wk ahead inc flu hosp","2022-02-19","40","quantile",0.975,177
"2022-01-31","3 wk ahead inc flu hosp","2022-02-19","40","quantile",0.99,205
"2022-01-31","4 wk ahead inc flu hosp","2022-02-26","40","quantile",0.01,0
"2022-01-31","4 wk ahead inc flu hosp","2022-02-26","40","quantile",0.025,0
"2022-01-31","4 wk ahead inc flu hosp","2022-02-26","40","quantile",0.05,0
"2022-01-31","4 wk ahead inc flu hosp","2022-02-26","40","quantile",0.1,0
"2022-01-31","4 wk ahead inc flu hosp","2022-02-26","40","quantile",0.15,0
"2022-01-31","4 wk ahead inc flu hosp","2022-02-26","40","quantile",0.2,0
"2022-01-31","4 wk ahead inc flu hosp","2022-02-26","40","quantile",0.25,0
"2022-01-31","4 wk ahead inc flu hosp","2022-02-26","40","quantile",0.3,2
"2022-01-31","4 wk ahead inc flu hosp","2022-02-26","40","quantile",0.35,5
"2022-01-31","4 wk ahead inc flu hosp","2022-02-26","40","quantile",0.4,11
"2022-01-31","4 wk ahead inc flu hosp","2022-02-26","40","quantile",0.45,19
"2022-01-31","4 wk ahead inc flu hosp","2022-02-26","40","quantile",0.5,29
"2022-01-31","4 wk ahead inc flu hosp","2022-02-26","40","quantile",0.55,40
"2022-01-31","4 wk ahead inc flu hosp","2022-02-26","40","quantile",0.6,51
"2022-01-31","4 wk ahead inc flu hosp","2022-02-26","40","quantile",0.65,63
"2022-01-31","4 wk ahead inc flu hosp","2022-02-26","40","quantile",0.7,75
"2022-01-31","4 wk ahead inc flu hosp","2022-02-26","40","quantile",0.75,88
"2022-01-31","4 wk ahead inc flu hosp","2022-02-26","40","quantile",0.8,104
"2022-01-31","4 wk ahead inc flu hosp","2022-02-26","40","quantile",0.85,121
"2022-01-31","4 wk ahead inc flu hosp","2022-02-26","40","quantile",0.9,143
"2022-01-31","4 wk ahead inc flu hosp","2022-02-26","40","quantile",0.95,176
"2022-01-31","4 wk ahead inc flu hosp","2022-02-26","40","quantile",0.975,203
"2022-01-31","4 wk ahead inc flu hosp","2022-02-26","40","quantile",0.99,236
"2022-01-31","1 wk ahead inc flu hosp","2022-02-05","40","point",NA,29
"2022-01-31","2 wk ahead inc flu hosp","2022-02-12","40","point",NA,29
"2022-01-31","3 wk ahead inc flu hosp","2022-02-19","40","point",NA,29
"2022-01-31","4 wk ahead inc flu hosp","2022-02-26","40","point",NA,29
"2022-01-31","1 wk ahead inc flu hosp","2022-02-05","41","quantile",0.01,0
"2022-01-31","1 wk ahead inc flu hosp","2022-02-05","41","quantile",0.025,0
"2022-01-31","1 wk ahead inc flu hosp","2022-02-05","41","quantile",0.05,0
"2022-01-31","1 wk ahead inc flu hosp","2022-02-05","41","quantile",0.1,0
"2022-01-31","1 wk ahead inc flu hosp","2022-02-05","41","quantile",0.15,0
"2022-01-31","1 wk ahead inc flu hosp","2022-02-05","41","quantile",0.2,0
"2022-01-31","1 wk ahead inc flu hosp","2022-02-05","41","quantile",0.25,0
"2022-01-31","1 wk ahead inc flu hosp","2022-02-05","41","quantile",0.3,1
"2022-01-31","1 wk ahead inc flu hosp","2022-02-05","41","quantile",0.35,1
"2022-01-31","1 wk ahead inc flu hosp","2022-02-05","41","quantile",0.4,2
"2022-01-31","1 wk ahead inc flu hosp","2022-02-05","41","quantile",0.45,3
"2022-01-31","1 wk ahead inc flu hosp","2022-02-05","41","quantile",0.5,4
"2022-01-31","1 wk ahead inc flu hosp","2022-02-05","41","quantile",0.55,6
"2022-01-31","1 wk ahead inc flu hosp","2022-02-05","41","quantile",0.6,7
"2022-01-31","1 wk ahead inc flu hosp","2022-02-05","41","quantile",0.65,10
"2022-01-31","1 wk ahead inc flu hosp","2022-02-05","41","quantile",0.7,12
"2022-01-31","1 wk ahead inc flu hosp","2022-02-05","41","quantile",0.75,15
"2022-01-31","1 wk ahead inc flu hosp","2022-02-05","41","quantile",0.8,18
"2022-01-31","1 wk ahead inc flu hosp","2022-02-05","41","quantile",0.85,22
"2022-01-31","1 wk ahead inc flu hosp","2022-02-05","41","quantile",0.9,27
"2022-01-31","1 wk ahead inc flu hosp","2022-02-05","41","quantile",0.95,35
"2022-01-31","1 wk ahead inc flu hosp","2022-02-05","41","quantile",0.975,42
"2022-01-31","1 wk ahead inc flu hosp","2022-02-05","41","quantile",0.99,50
"2022-01-31","2 wk ahead inc flu hosp","2022-02-12","41","quantile",0.01,0
"2022-01-31","2 wk ahead inc flu hosp","2022-02-12","41","quantile",0.025,0
"2022-01-31","2 wk ahead inc flu hosp","2022-02-12","41","quantile",0.05,0
"2022-01-31","2 wk ahead inc flu hosp","2022-02-12","41","quantile",0.1,0
"2022-01-31","2 wk ahead inc flu hosp","2022-02-12","41","quantile",0.15,0
"2022-01-31","2 wk ahead inc flu hosp","2022-02-12","41","quantile",0.2,0
"2022-01-31","2 wk ahead inc flu hosp","2022-02-12","41","quantile",0.25,0
"2022-01-31","2 wk ahead inc flu hosp","2022-02-12","41","quantile",0.3,0
"2022-01-31","2 wk ahead inc flu hosp","2022-02-12","41","quantile",0.35,1
"2022-01-31","2 wk ahead inc flu hosp","2022-02-12","41","quantile",0.4,1
"2022-01-31","2 wk ahead inc flu hosp","2022-02-12","41","quantile",0.45,3
"2022-01-31","2 wk ahead inc flu hosp","2022-02-12","41","quantile",0.5,5
"2022-01-31","2 wk ahead inc flu hosp","2022-02-12","41","quantile",0.55,7
"2022-01-31","2 wk ahead inc flu hosp","2022-02-12","41","quantile",0.6,10
"2022-01-31","2 wk ahead inc flu hosp","2022-02-12","41","quantile",0.65,14
"2022-01-31","2 wk ahead inc flu hosp","2022-02-12","41","quantile",0.7,18
"2022-01-31","2 wk ahead inc flu hosp","2022-02-12","41","quantile",0.75,23
"2022-01-31","2 wk ahead inc flu hosp","2022-02-12","41","quantile",0.8,28
"2022-01-31","2 wk ahead inc flu hosp","2022-02-12","41","quantile",0.85,35
"2022-01-31","2 wk ahead inc flu hosp","2022-02-12","41","quantile",0.9,42
"2022-01-31","2 wk ahead inc flu hosp","2022-02-12","41","quantile",0.95,54
"2022-01-31","2 wk ahead inc flu hosp","2022-02-12","41","quantile",0.975,65
"2022-01-31","2 wk ahead inc flu hosp","2022-02-12","41","quantile",0.99,76
"2022-01-31","3 wk ahead inc flu hosp","2022-02-19","41","quantile",0.01,0
"2022-01-31","3 wk ahead inc flu hosp","2022-02-19","41","quantile",0.025,0
"2022-01-31","3 wk ahead inc flu hosp","2022-02-19","41","quantile",0.05,0
"2022-01-31","3 wk ahead inc flu hosp","2022-02-19","41","quantile",0.1,0
"2022-01-31","3 wk ahead inc flu hosp","2022-02-19","41","quantile",0.15,0
"2022-01-31","3 wk ahead inc flu hosp","2022-02-19","41","quantile",0.2,0
"2022-01-31","3 wk ahead inc flu hosp","2022-02-19","41","quantile",0.25,0
"2022-01-31","3 wk ahead inc flu hosp","2022-02-19","41","quantile",0.3,0
"2022-01-31","3 wk ahead inc flu hosp","2022-02-19","41","quantile",0.35,0
"2022-01-31","3 wk ahead inc flu hosp","2022-02-19","41","quantile",0.4,1
"2022-01-31","3 wk ahead inc flu hosp","2022-02-19","41","quantile",0.45,2
"2022-01-31","3 wk ahead inc flu hosp","2022-02-19","41","quantile",0.5,5
"2022-01-31","3 wk ahead inc flu hosp","2022-02-19","41","quantile",0.55,8
"2022-01-31","3 wk ahead inc flu hosp","2022-02-19","41","quantile",0.6,12
"2022-01-31","3 wk ahead inc flu hosp","2022-02-19","41","quantile",0.65,17
"2022-01-31","3 wk ahead inc flu hosp","2022-02-19","41","quantile",0.7,22
"2022-01-31","3 wk ahead inc flu hosp","2022-02-19","41","quantile",0.75,28
"2022-01-31","3 wk ahead inc flu hosp","2022-02-19","41","quantile",0.8,35
"2022-01-31","3 wk ahead inc flu hosp","2022-02-19","41","quantile",0.85,43
"2022-01-31","3 wk ahead inc flu hosp","2022-02-19","41","quantile",0.9,53
"2022-01-31","3 wk ahead inc flu hosp","2022-02-19","41","quantile",0.95,68
"2022-01-31","3 wk ahead inc flu hosp","2022-02-19","41","quantile",0.975,81
"2022-01-31","3 wk ahead inc flu hosp","2022-02-19","41","quantile",0.99,96
"2022-01-31","4 wk ahead inc flu hosp","2022-02-26","41","quantile",0.01,0
"2022-01-31","4 wk ahead inc flu hosp","2022-02-26","41","quantile",0.025,0
"2022-01-31","4 wk ahead inc flu hosp","2022-02-26","41","quantile",0.05,0
"2022-01-31","4 wk ahead inc flu hosp","2022-02-26","41","quantile",0.1,0
"2022-01-31","4 wk ahead inc flu hosp","2022-02-26","41","quantile",0.15,0
"2022-01-31","4 wk ahead inc flu hosp","2022-02-26","41","quantile",0.2,0
"2022-01-31","4 wk ahead inc flu hosp","2022-02-26","41","quantile",0.25,0
"2022-01-31","4 wk ahead inc flu hosp","2022-02-26","41","quantile",0.3,0
"2022-01-31","4 wk ahead inc flu hosp","2022-02-26","41","quantile",0.35,0
"2022-01-31","4 wk ahead inc flu hosp","2022-02-26","41","quantile",0.4,1
"2022-01-31","4 wk ahead inc flu hosp","2022-02-26","41","quantile",0.45,2
"2022-01-31","4 wk ahead inc flu hosp","2022-02-26","41","quantile",0.5,5
"2022-01-31","4 wk ahead inc flu hosp","2022-02-26","41","quantile",0.55,8
"2022-01-31","4 wk ahead inc flu hosp","2022-02-26","41","quantile",0.6,13
"2022-01-31","4 wk ahead inc flu hosp","2022-02-26","41","quantile",0.65,19
"2022-01-31","4 wk ahead inc flu hosp","2022-02-26","41","quantile",0.7,26
"2022-01-31","4 wk ahead inc flu hosp","2022-02-26","41","quantile",0.75,33
"2022-01-31","4 wk ahead inc flu hosp","2022-02-26","41","quantile",0.8,41
"2022-01-31","4 wk ahead inc flu hosp","2022-02-26","41","quantile",0.85,50
"2022-01-31","4 wk ahead inc flu hosp","2022-02-26","41","quantile",0.9,62
"2022-01-31","4 wk ahead inc flu hosp","2022-02-26","41","quantile",0.95,80
"2022-01-31","4 wk ahead inc flu hosp","2022-02-26","41","quantile",0.975,95
"2022-01-31","4 wk ahead inc flu hosp","2022-02-26","41","quantile",0.99,112
"2022-01-31","1 wk ahead inc flu hosp","2022-02-05","41","point",NA,4
"2022-01-31","2 wk ahead inc flu hosp","2022-02-12","41","point",NA,5
"2022-01-31","3 wk ahead inc flu hosp","2022-02-19","41","point",NA,5
"2022-01-31","4 wk ahead inc flu hosp","2022-02-26","41","point",NA,5
"2022-01-31","1 wk ahead inc flu hosp","2022-02-05","42","quantile",0.01,0
"2022-01-31","1 wk ahead inc flu hosp","2022-02-05","42","quantile",0.025,0
"2022-01-31","1 wk ahead inc flu hosp","2022-02-05","42","quantile",0.05,0
"2022-01-31","1 wk ahead inc flu hosp","2022-02-05","42","quantile",0.1,1
"2022-01-31","1 wk ahead inc flu hosp","2022-02-05","42","quantile",0.15,4
"2022-01-31","1 wk ahead inc flu hosp","2022-02-05","42","quantile",0.2,7
"2022-01-31","1 wk ahead inc flu hosp","2022-02-05","42","quantile",0.25,10
"2022-01-31","1 wk ahead inc flu hosp","2022-02-05","42","quantile",0.3,14
"2022-01-31","1 wk ahead inc flu hosp","2022-02-05","42","quantile",0.35,17
"2022-01-31","1 wk ahead inc flu hosp","2022-02-05","42","quantile",0.4,21
"2022-01-31","1 wk ahead inc flu hosp","2022-02-05","42","quantile",0.45,25
"2022-01-31","1 wk ahead inc flu hosp","2022-02-05","42","quantile",0.5,29
"2022-01-31","1 wk ahead inc flu hosp","2022-02-05","42","quantile",0.55,33
"2022-01-31","1 wk ahead inc flu hosp","2022-02-05","42","quantile",0.6,37
"2022-01-31","1 wk ahead inc flu hosp","2022-02-05","42","quantile",0.65,42
"2022-01-31","1 wk ahead inc flu hosp","2022-02-05","42","quantile",0.7,47
"2022-01-31","1 wk ahead inc flu hosp","2022-02-05","42","quantile",0.75,52
"2022-01-31","1 wk ahead inc flu hosp","2022-02-05","42","quantile",0.8,58
"2022-01-31","1 wk ahead inc flu hosp","2022-02-05","42","quantile",0.85,65
"2022-01-31","1 wk ahead inc flu hosp","2022-02-05","42","quantile",0.9,75
"2022-01-31","1 wk ahead inc flu hosp","2022-02-05","42","quantile",0.95,90
"2022-01-31","1 wk ahead inc flu hosp","2022-02-05","42","quantile",0.975,102
"2022-01-31","1 wk ahead inc flu hosp","2022-02-05","42","quantile",0.99,118
"2022-01-31","2 wk ahead inc flu hosp","2022-02-12","42","quantile",0.01,0
"2022-01-31","2 wk ahead inc flu hosp","2022-02-12","42","quantile",0.025,0
"2022-01-31","2 wk ahead inc flu hosp","2022-02-12","42","quantile",0.05,0
"2022-01-31","2 wk ahead inc flu hosp","2022-02-12","42","quantile",0.1,0
"2022-01-31","2 wk ahead inc flu hosp","2022-02-12","42","quantile",0.15,0
"2022-01-31","2 wk ahead inc flu hosp","2022-02-12","42","quantile",0.2,1
"2022-01-31","2 wk ahead inc flu hosp","2022-02-12","42","quantile",0.25,3
"2022-01-31","2 wk ahead inc flu hosp","2022-02-12","42","quantile",0.3,7
"2022-01-31","2 wk ahead inc flu hosp","2022-02-12","42","quantile",0.35,11
"2022-01-31","2 wk ahead inc flu hosp","2022-02-12","42","quantile",0.4,17
"2022-01-31","2 wk ahead inc flu hosp","2022-02-12","42","quantile",0.45,23
"2022-01-31","2 wk ahead inc flu hosp","2022-02-12","42","quantile",0.5,29
"2022-01-31","2 wk ahead inc flu hosp","2022-02-12","42","quantile",0.55,36
"2022-01-31","2 wk ahead inc flu hosp","2022-02-12","42","quantile",0.6,43
"2022-01-31","2 wk ahead inc flu hosp","2022-02-12","42","quantile",0.65,50
"2022-01-31","2 wk ahead inc flu hosp","2022-02-12","42","quantile",0.7,58
"2022-01-31","2 wk ahead inc flu hosp","2022-02-12","42","quantile",0.75,67
"2022-01-31","2 wk ahead inc flu hosp","2022-02-12","42","quantile",0.8,76
"2022-01-31","2 wk ahead inc flu hosp","2022-02-12","42","quantile",0.85,88
"2022-01-31","2 wk ahead inc flu hosp","2022-02-12","42","quantile",0.9,102
"2022-01-31","2 wk ahead inc flu hosp","2022-02-12","42","quantile",0.95,124
"2022-01-31","2 wk ahead inc flu hosp","2022-02-12","42","quantile",0.975,143
"2022-01-31","2 wk ahead inc flu hosp","2022-02-12","42","quantile",0.99,167
"2022-01-31","3 wk ahead inc flu hosp","2022-02-19","42","quantile",0.01,0
"2022-01-31","3 wk ahead inc flu hosp","2022-02-19","42","quantile",0.025,0
"2022-01-31","3 wk ahead inc flu hosp","2022-02-19","42","quantile",0.05,0
"2022-01-31","3 wk ahead inc flu hosp","2022-02-19","42","quantile",0.1,0
"2022-01-31","3 wk ahead inc flu hosp","2022-02-19","42","quantile",0.15,0
"2022-01-31","3 wk ahead inc flu hosp","2022-02-19","42","quantile",0.2,0
"2022-01-31","3 wk ahead inc flu hosp","2022-02-19","42","quantile",0.25,1
"2022-01-31","3 wk ahead inc flu hosp","2022-02-19","42","quantile",0.3,3
"2022-01-31","3 wk ahead inc flu hosp","2022-02-19","42","quantile",0.35,8
"2022-01-31","3 wk ahead inc flu hosp","2022-02-19","42","quantile",0.4,14
"2022-01-31","3 wk ahead inc flu hosp","2022-02-19","42","quantile",0.45,21
"2022-01-31","3 wk ahead inc flu hosp","2022-02-19","42","quantile",0.5,29
"2022-01-31","3 wk ahead inc flu hosp","2022-02-19","42","quantile",0.55,38
"2022-01-31","3 wk ahead inc flu hosp","2022-02-19","42","quantile",0.6,47
"2022-01-31","3 wk ahead inc flu hosp","2022-02-19","42","quantile",0.65,56
"2022-01-31","3 wk ahead inc flu hosp","2022-02-19","42","quantile",0.7,66
"2022-01-31","3 wk ahead inc flu hosp","2022-02-19","42","quantile",0.75,77
"2022-01-31","3 wk ahead inc flu hosp","2022-02-19","42","quantile",0.8,89
"2022-01-31","3 wk ahead inc flu hosp","2022-02-19","42","quantile",0.85,103
"2022-01-31","3 wk ahead inc flu hosp","2022-02-19","42","quantile",0.9,121
"2022-01-31","3 wk ahead inc flu hosp","2022-02-19","42","quantile",0.95,148
"2022-01-31","3 wk ahead inc flu hosp","2022-02-19","42","quantile",0.975,173
"2022-01-31","3 wk ahead inc flu hosp","2022-02-19","42","quantile",0.99,201
"2022-01-31","4 wk ahead inc flu hosp","2022-02-26","42","quantile",0.01,0
"2022-01-31","4 wk ahead inc flu hosp","2022-02-26","42","quantile",0.025,0
"2022-01-31","4 wk ahead inc flu hosp","2022-02-26","42","quantile",0.05,0
"2022-01-31","4 wk ahead inc flu hosp","2022-02-26","42","quantile",0.1,0
"2022-01-31","4 wk ahead inc flu hosp","2022-02-26","42","quantile",0.15,0
"2022-01-31","4 wk ahead inc flu hosp","2022-02-26","42","quantile",0.2,0
"2022-01-31","4 wk ahead inc flu hosp","2022-02-26","42","quantile",0.25,0
"2022-01-31","4 wk ahead inc flu hosp","2022-02-26","42","quantile",0.3,1
"2022-01-31","4 wk ahead inc flu hosp","2022-02-26","42","quantile",0.35,5
"2022-01-31","4 wk ahead inc flu hosp","2022-02-26","42","quantile",0.4,12
"2022-01-31","4 wk ahead inc flu hosp","2022-02-26","42","quantile",0.45,20
"2022-01-31","4 wk ahead inc flu hosp","2022-02-26","42","quantile",0.5,29
"2022-01-31","4 wk ahead inc flu hosp","2022-02-26","42","quantile",0.55,39
"2022-01-31","4 wk ahead inc flu hosp","2022-02-26","42","quantile",0.6,50
"2022-01-31","4 wk ahead inc flu hosp","2022-02-26","42","quantile",0.65,61
"2022-01-31","4 wk ahead inc flu hosp","2022-02-26","42","quantile",0.7,73
"2022-01-31","4 wk ahead inc flu hosp","2022-02-26","42","quantile",0.75,85
"2022-01-31","4 wk ahead inc flu hosp","2022-02-26","42","quantile",0.8,100
"2022-01-31","4 wk ahead inc flu hosp","2022-02-26","42","quantile",0.85,116
"2022-01-31","4 wk ahead inc flu hosp","2022-02-26","42","quantile",0.9,137
"2022-01-31","4 wk ahead inc flu hosp","2022-02-26","42","quantile",0.95,169
"2022-01-31","4 wk ahead inc flu hosp","2022-02-26","42","quantile",0.975,196
"2022-01-31","4 wk ahead inc flu hosp","2022-02-26","42","quantile",0.99,230
"2022-01-31","1 wk ahead inc flu hosp","2022-02-05","42","point",NA,29
"2022-01-31","2 wk ahead inc flu hosp","2022-02-12","42","point",NA,29
"2022-01-31","3 wk ahead inc flu hosp","2022-02-19","42","point",NA,29
"2022-01-31","4 wk ahead inc flu hosp","2022-02-26","42","point",NA,29
"2022-01-31","1 wk ahead inc flu hosp","2022-02-05","44","quantile",0.01,0
"2022-01-31","1 wk ahead inc flu hosp","2022-02-05","44","quantile",0.025,0
"2022-01-31","1 wk ahead inc flu hosp","2022-02-05","44","quantile",0.05,0
"2022-01-31","1 wk ahead inc flu hosp","2022-02-05","44","quantile",0.1,0
"2022-01-31","1 wk ahead inc flu hosp","2022-02-05","44","quantile",0.15,0
"2022-01-31","1 wk ahead inc flu hosp","2022-02-05","44","quantile",0.2,0
"2022-01-31","1 wk ahead inc flu hosp","2022-02-05","44","quantile",0.25,0
"2022-01-31","1 wk ahead inc flu hosp","2022-02-05","44","quantile",0.3,0
"2022-01-31","1 wk ahead inc flu hosp","2022-02-05","44","quantile",0.35,0
"2022-01-31","1 wk ahead inc flu hosp","2022-02-05","44","quantile",0.4,0
"2022-01-31","1 wk ahead inc flu hosp","2022-02-05","44","quantile",0.45,1
"2022-01-31","1 wk ahead inc flu hosp","2022-02-05","44","quantile",0.5,1
"2022-01-31","1 wk ahead inc flu hosp","2022-02-05","44","quantile",0.55,2
"2022-01-31","1 wk ahead inc flu hosp","2022-02-05","44","quantile",0.6,3
"2022-01-31","1 wk ahead inc flu hosp","2022-02-05","44","quantile",0.65,4
"2022-01-31","1 wk ahead inc flu hosp","2022-02-05","44","quantile",0.7,5
"2022-01-31","1 wk ahead inc flu hosp","2022-02-05","44","quantile",0.75,6
"2022-01-31","1 wk ahead inc flu hosp","2022-02-05","44","quantile",0.8,7
"2022-01-31","1 wk ahead inc flu hosp","2022-02-05","44","quantile",0.85,8
"2022-01-31","1 wk ahead inc flu hosp","2022-02-05","44","quantile",0.9,11
"2022-01-31","1 wk ahead inc flu hosp","2022-02-05","44","quantile",0.95,13
"2022-01-31","1 wk ahead inc flu hosp","2022-02-05","44","quantile",0.975,16
"2022-01-31","1 wk ahead inc flu hosp","2022-02-05","44","quantile",0.99,19
"2022-01-31","2 wk ahead inc flu hosp","2022-02-12","44","quantile",0.01,0
"2022-01-31","2 wk ahead inc flu hosp","2022-02-12","44","quantile",0.025,0
"2022-01-31","2 wk ahead inc flu hosp","2022-02-12","44","quantile",0.05,0
"2022-01-31","2 wk ahead inc flu hosp","2022-02-12","44","quantile",0.1,0
"2022-01-31","2 wk ahead inc flu hosp","2022-02-12","44","quantile",0.15,0
"2022-01-31","2 wk ahead inc flu hosp","2022-02-12","44","quantile",0.2,0
"2022-01-31","2 wk ahead inc flu hosp","2022-02-12","44","quantile",0.25,0
"2022-01-31","2 wk ahead inc flu hosp","2022-02-12","44","quantile",0.3,0
"2022-01-31","2 wk ahead inc flu hosp","2022-02-12","44","quantile",0.35,0
"2022-01-31","2 wk ahead inc flu hosp","2022-02-12","44","quantile",0.4,0
"2022-01-31","2 wk ahead inc flu hosp","2022-02-12","44","quantile",0.45,1
"2022-01-31","2 wk ahead inc flu hosp","2022-02-12","44","quantile",0.5,2
"2022-01-31","2 wk ahead inc flu hosp","2022-02-12","44","quantile",0.55,3
"2022-01-31","2 wk ahead inc flu hosp","2022-02-12","44","quantile",0.6,4
"2022-01-31","2 wk ahead inc flu hosp","2022-02-12","44","quantile",0.65,5
"2022-01-31","2 wk ahead inc flu hosp","2022-02-12","44","quantile",0.7,7
"2022-01-31","2 wk ahead inc flu hosp","2022-02-12","44","quantile",0.75,9
"2022-01-31","2 wk ahead inc flu hosp","2022-02-12","44","quantile",0.8,11
"2022-01-31","2 wk ahead inc flu hosp","2022-02-12","44","quantile",0.85,13
"2022-01-31","2 wk ahead inc flu hosp","2022-02-12","44","quantile",0.9,16
"2022-01-31","2 wk ahead inc flu hosp","2022-02-12","44","quantile",0.95,21
"2022-01-31","2 wk ahead inc flu hosp","2022-02-12","44","quantile",0.975,25
"2022-01-31","2 wk ahead inc flu hosp","2022-02-12","44","quantile",0.99,30
"2022-01-31","3 wk ahead inc flu hosp","2022-02-19","44","quantile",0.01,0
"2022-01-31","3 wk ahead inc flu hosp","2022-02-19","44","quantile",0.025,0
"2022-01-31","3 wk ahead inc flu hosp","2022-02-19","44","quantile",0.05,0
"2022-01-31","3 wk ahead inc flu hosp","2022-02-19","44","quantile",0.1,0
"2022-01-31","3 wk ahead inc flu hosp","2022-02-19","44","quantile",0.15,0
"2022-01-31","3 wk ahead inc flu hosp","2022-02-19","44","quantile",0.2,0
"2022-01-31","3 wk ahead inc flu hosp","2022-02-19","44","quantile",0.25,0
"2022-01-31","3 wk ahead inc flu hosp","2022-02-19","44","quantile",0.3,0
"2022-01-31","3 wk ahead inc flu hosp","2022-02-19","44","quantile",0.35,0
"2022-01-31","3 wk ahead inc flu hosp","2022-02-19","44","quantile",0.4,0
"2022-01-31","3 wk ahead inc flu hosp","2022-02-19","44","quantile",0.45,1
"2022-01-31","3 wk ahead inc flu hosp","2022-02-19","44","quantile",0.5,2
"2022-01-31","3 wk ahead inc flu hosp","2022-02-19","44","quantile",0.55,3
"2022-01-31","3 wk ahead inc flu hosp","2022-02-19","44","quantile",0.6,5
"2022-01-31","3 wk ahead inc flu hosp","2022-02-19","44","quantile",0.65,7
"2022-01-31","3 wk ahead inc flu hosp","2022-02-19","44","quantile",0.7,9
"2022-01-31","3 wk ahead inc flu hosp","2022-02-19","44","quantile",0.75,11
"2022-01-31","3 wk ahead inc flu hosp","2022-02-19","44","quantile",0.8,14
"2022-01-31","3 wk ahead inc flu hosp","2022-02-19","44","quantile",0.85,17
"2022-01-31","3 wk ahead inc flu hosp","2022-02-19","44","quantile",0.9,21
"2022-01-31","3 wk ahead inc flu hosp","2022-02-19","44","quantile",0.95,26
"2022-01-31","3 wk ahead inc flu hosp","2022-02-19","44","quantile",0.975,31
"2022-01-31","3 wk ahead inc flu hosp","2022-02-19","44","quantile",0.99,37
"2022-01-31","4 wk ahead inc flu hosp","2022-02-26","44","quantile",0.01,0
"2022-01-31","4 wk ahead inc flu hosp","2022-02-26","44","quantile",0.025,0
"2022-01-31","4 wk ahead inc flu hosp","2022-02-26","44","quantile",0.05,0
"2022-01-31","4 wk ahead inc flu hosp","2022-02-26","44","quantile",0.1,0
"2022-01-31","4 wk ahead inc flu hosp","2022-02-26","44","quantile",0.15,0
"2022-01-31","4 wk ahead inc flu hosp","2022-02-26","44","quantile",0.2,0
"2022-01-31","4 wk ahead inc flu hosp","2022-02-26","44","quantile",0.25,0
"2022-01-31","4 wk ahead inc flu hosp","2022-02-26","44","quantile",0.3,0
"2022-01-31","4 wk ahead inc flu hosp","2022-02-26","44","quantile",0.35,0
"2022-01-31","4 wk ahead inc flu hosp","2022-02-26","44","quantile",0.4,0
"2022-01-31","4 wk ahead inc flu hosp","2022-02-26","44","quantile",0.45,1
"2022-01-31","4 wk ahead inc flu hosp","2022-02-26","44","quantile",0.5,2
"2022-01-31","4 wk ahead inc flu hosp","2022-02-26","44","quantile",0.55,3
"2022-01-31","4 wk ahead inc flu hosp","2022-02-26","44","quantile",0.6,5
"2022-01-31","4 wk ahead inc flu hosp","2022-02-26","44","quantile",0.65,8
"2022-01-31","4 wk ahead inc flu hosp","2022-02-26","44","quantile",0.7,10
"2022-01-31","4 wk ahead inc flu hosp","2022-02-26","44","quantile",0.75,13
"2022-01-31","4 wk ahead inc flu hosp","2022-02-26","44","quantile",0.8,16
"2022-01-31","4 wk ahead inc flu hosp","2022-02-26","44","quantile",0.85,19
"2022-01-31","4 wk ahead inc flu hosp","2022-02-26","44","quantile",0.9,24
"2022-01-31","4 wk ahead inc flu hosp","2022-02-26","44","quantile",0.95,31
"2022-01-31","4 wk ahead inc flu hosp","2022-02-26","44","quantile",0.975,36
"2022-01-31","4 wk ahead inc flu hosp","2022-02-26","44","quantile",0.99,43
"2022-01-31","1 wk ahead inc flu hosp","2022-02-05","44","point",NA,1
"2022-01-31","2 wk ahead inc flu hosp","2022-02-12","44","point",NA,2
"2022-01-31","3 wk ahead inc flu hosp","2022-02-19","44","point",NA,2
"2022-01-31","4 wk ahead inc flu hosp","2022-02-26","44","point",NA,2
"2022-01-31","1 wk ahead inc flu hosp","2022-02-05","45","quantile",0.01,0
"2022-01-31","1 wk ahead inc flu hosp","2022-02-05","45","quantile",0.025,0
"2022-01-31","1 wk ahead inc flu hosp","2022-02-05","45","quantile",0.05,0
"2022-01-31","1 wk ahead inc flu hosp","2022-02-05","45","quantile",0.1,1
"2022-01-31","1 wk ahead inc flu hosp","2022-02-05","45","quantile",0.15,2
"2022-01-31","1 wk ahead inc flu hosp","2022-02-05","45","quantile",0.2,3
"2022-01-31","1 wk ahead inc flu hosp","2022-02-05","45","quantile",0.25,4
"2022-01-31","1 wk ahead inc flu hosp","2022-02-05","45","quantile",0.3,6
"2022-01-31","1 wk ahead inc flu hosp","2022-02-05","45","quantile",0.35,8
"2022-01-31","1 wk ahead inc flu hosp","2022-02-05","45","quantile",0.4,10
"2022-01-31","1 wk ahead inc flu hosp","2022-02-05","45","quantile",0.45,12
"2022-01-31","1 wk ahead inc flu hosp","2022-02-05","45","quantile",0.5,15
"2022-01-31","1 wk ahead inc flu hosp","2022-02-05","45","quantile",0.55,17
"2022-01-31","1 wk ahead inc flu hosp","2022-02-05","45","quantile",0.6,19
"2022-01-31","1 wk ahead inc flu hosp","2022-02-05","45","quantile",0.65,22
"2022-01-31","1 wk ahead inc flu hosp","2022-02-05","45","quantile",0.7,24
"2022-01-31","1 wk ahead inc flu hosp","2022-02-05","45","quantile",0.75,27
"2022-01-31","1 wk ahead inc flu hosp","2022-02-05","45","quantile",0.8,30
"2022-01-31","1 wk ahead inc flu hosp","2022-02-05","45","quantile",0.85,34
"2022-01-31","1 wk ahead inc flu hosp","2022-02-05","45","quantile",0.9,39
"2022-01-31","1 wk ahead inc flu hosp","2022-02-05","45","quantile",0.95,45
"2022-01-31","1 wk ahead inc flu hosp","2022-02-05","45","quantile",0.975,51
"2022-01-31","1 wk ahead inc flu hosp","2022-02-05","45","quantile",0.99,57
"2022-01-31","2 wk ahead inc flu hosp","2022-02-12","45","quantile",0.01,0
"2022-01-31","2 wk ahead inc flu hosp","2022-02-12","45","quantile",0.025,0
"2022-01-31","2 wk ahead inc flu hosp","2022-02-12","45","quantile",0.05,0
"2022-01-31","2 wk ahead inc flu hosp","2022-02-12","45","quantile",0.1,0
"2022-01-31","2 wk ahead inc flu hosp","2022-02-12","45","quantile",0.15,0
"2022-01-31","2 wk ahead inc flu hosp","2022-02-12","45","quantile",0.2,1
"2022-01-31","2 wk ahead inc flu hosp","2022-02-12","45","quantile",0.25,2
"2022-01-31","2 wk ahead inc flu hosp","2022-02-12","45","quantile",0.3,3
"2022-01-31","2 wk ahead inc flu hosp","2022-02-12","45","quantile",0.35,6
"2022-01-31","2 wk ahead inc flu hosp","2022-02-12","45","quantile",0.4,8
"2022-01-31","2 wk ahead inc flu hosp","2022-02-12","45","quantile",0.45,11
"2022-01-31","2 wk ahead inc flu hosp","2022-02-12","45","quantile",0.5,15
"2022-01-31","2 wk ahead inc flu hosp","2022-02-12","45","quantile",0.55,18
"2022-01-31","2 wk ahead inc flu hosp","2022-02-12","45","quantile",0.6,22
"2022-01-31","2 wk ahead inc flu hosp","2022-02-12","45","quantile",0.65,26
"2022-01-31","2 wk ahead inc flu hosp","2022-02-12","45","quantile",0.7,30
"2022-01-31","2 wk ahead inc flu hosp","2022-02-12","45","quantile",0.75,34
"2022-01-31","2 wk ahead inc flu hosp","2022-02-12","45","quantile",0.8,39
"2022-01-31","2 wk ahead inc flu hosp","2022-02-12","45","quantile",0.85,45
"2022-01-31","2 wk ahead inc flu hosp","2022-02-12","45","quantile",0.9,52
"2022-01-31","2 wk ahead inc flu hosp","2022-02-12","45","quantile",0.95,63
"2022-01-31","2 wk ahead inc flu hosp","2022-02-12","45","quantile",0.975,72
"2022-01-31","2 wk ahead inc flu hosp","2022-02-12","45","quantile",0.99,82
"2022-01-31","3 wk ahead inc flu hosp","2022-02-19","45","quantile",0.01,0
"2022-01-31","3 wk ahead inc flu hosp","2022-02-19","45","quantile",0.025,0
"2022-01-31","3 wk ahead inc flu hosp","2022-02-19","45","quantile",0.05,0
"2022-01-31","3 wk ahead inc flu hosp","2022-02-19","45","quantile",0.1,0
"2022-01-31","3 wk ahead inc flu hosp","2022-02-19","45","quantile",0.15,0
"2022-01-31","3 wk ahead inc flu hosp","2022-02-19","45","quantile",0.2,0
"2022-01-31","3 wk ahead inc flu hosp","2022-02-19","45","quantile",0.25,1
"2022-01-31","3 wk ahead inc flu hosp","2022-02-19","45","quantile",0.3,2
"2022-01-31","3 wk ahead inc flu hosp","2022-02-19","45","quantile",0.35,4
"2022-01-31","3 wk ahead inc flu hosp","2022-02-19","45","quantile",0.4,7
"2022-01-31","3 wk ahead inc flu hosp","2022-02-19","45","quantile",0.45,11
"2022-01-31","3 wk ahead inc flu hosp","2022-02-19","45","quantile",0.5,15
"2022-01-31","3 wk ahead inc flu hosp","2022-02-19","45","quantile",0.55,19
"2022-01-31","3 wk ahead inc flu hosp","2022-02-19","45","quantile",0.6,24
"2022-01-31","3 wk ahead inc flu hosp","2022-02-19","45","quantile",0.65,29
"2022-01-31","3 wk ahead inc flu hosp","2022-02-19","45","quantile",0.7,34
"2022-01-31","3 wk ahead inc flu hosp","2022-02-19","45","quantile",0.75,40
"2022-01-31","3 wk ahead inc flu hosp","2022-02-19","45","quantile",0.8,46
"2022-01-31","3 wk ahead inc flu hosp","2022-02-19","45","quantile",0.85,53
"2022-01-31","3 wk ahead inc flu hosp","2022-02-19","45","quantile",0.9,62
"2022-01-31","3 wk ahead inc flu hosp","2022-02-19","45","quantile",0.95,75
"2022-01-31","3 wk ahead inc flu hosp","2022-02-19","45","quantile",0.975,87
"2022-01-31","3 wk ahead inc flu hosp","2022-02-19","45","quantile",0.99,100
"2022-01-31","4 wk ahead inc flu hosp","2022-02-26","45","quantile",0.01,0
"2022-01-31","4 wk ahead inc flu hosp","2022-02-26","45","quantile",0.025,0
"2022-01-31","4 wk ahead inc flu hosp","2022-02-26","45","quantile",0.05,0
"2022-01-31","4 wk ahead inc flu hosp","2022-02-26","45","quantile",0.1,0
"2022-01-31","4 wk ahead inc flu hosp","2022-02-26","45","quantile",0.15,0
"2022-01-31","4 wk ahead inc flu hosp","2022-02-26","45","quantile",0.2,0
"2022-01-31","4 wk ahead inc flu hosp","2022-02-26","45","quantile",0.25,0
"2022-01-31","4 wk ahead inc flu hosp","2022-02-26","45","quantile",0.3,1
"2022-01-31","4 wk ahead inc flu hosp","2022-02-26","45","quantile",0.35,3
"2022-01-31","4 wk ahead inc flu hosp","2022-02-26","45","quantile",0.4,6
"2022-01-31","4 wk ahead inc flu hosp","2022-02-26","45","quantile",0.45,10
"2022-01-31","4 wk ahead inc flu hosp","2022-02-26","45","quantile",0.5,15
"2022-01-31","4 wk ahead inc flu hosp","2022-02-26","45","quantile",0.55,20
"2022-01-31","4 wk ahead inc flu hosp","2022-02-26","45","quantile",0.6,26
"2022-01-31","4 wk ahead inc flu hosp","2022-02-26","45","quantile",0.65,31
"2022-01-31","4 wk ahead inc flu hosp","2022-02-26","45","quantile",0.7,37
"2022-01-31","4 wk ahead inc flu hosp","2022-02-26","45","quantile",0.75,44
"2022-01-31","4 wk ahead inc flu hosp","2022-02-26","45","quantile",0.8,51
"2022-01-31","4 wk ahead inc flu hosp","2022-02-26","45","quantile",0.85,59
"2022-01-31","4 wk ahead inc flu hosp","2022-02-26","45","quantile",0.9,70
"2022-01-31","4 wk ahead inc flu hosp","2022-02-26","45","quantile",0.95,86
"2022-01-31","4 wk ahead inc flu hosp","2022-02-26","45","quantile",0.975,99
"2022-01-31","4 wk ahead inc flu hosp","2022-02-26","45","quantile",0.99,114
"2022-01-31","1 wk ahead inc flu hosp","2022-02-05","45","point",NA,15
"2022-01-31","2 wk ahead inc flu hosp","2022-02-12","45","point",NA,15
"2022-01-31","3 wk ahead inc flu hosp","2022-02-19","45","point",NA,15
"2022-01-31","4 wk ahead inc flu hosp","2022-02-26","45","point",NA,15
"2022-01-31","1 wk ahead inc flu hosp","2022-02-05","46","quantile",0.01,0
"2022-01-31","1 wk ahead inc flu hosp","2022-02-05","46","quantile",0.025,0
"2022-01-31","1 wk ahead inc flu hosp","2022-02-05","46","quantile",0.05,0
"2022-01-31","1 wk ahead inc flu hosp","2022-02-05","46","quantile",0.1,0
"2022-01-31","1 wk ahead inc flu hosp","2022-02-05","46","quantile",0.15,0
"2022-01-31","1 wk ahead inc flu hosp","2022-02-05","46","quantile",0.2,1
"2022-01-31","1 wk ahead inc flu hosp","2022-02-05","46","quantile",0.25,3
"2022-01-31","1 wk ahead inc flu hosp","2022-02-05","46","quantile",0.3,5
"2022-01-31","1 wk ahead inc flu hosp","2022-02-05","46","quantile",0.35,7
"2022-01-31","1 wk ahead inc flu hosp","2022-02-05","46","quantile",0.4,10
"2022-01-31","1 wk ahead inc flu hosp","2022-02-05","46","quantile",0.45,14
"2022-01-31","1 wk ahead inc flu hosp","2022-02-05","46","quantile",0.5,18
"2022-01-31","1 wk ahead inc flu hosp","2022-02-05","46","quantile",0.55,22
"2022-01-31","1 wk ahead inc flu hosp","2022-02-05","46","quantile",0.6,27
"2022-01-31","1 wk ahead inc flu hosp","2022-02-05","46","quantile",0.65,33
"2022-01-31","1 wk ahead inc flu hosp","2022-02-05","46","quantile",0.7,39
"2022-01-31","1 wk ahead inc flu hosp","2022-02-05","46","quantile",0.75,45
"2022-01-31","1 wk ahead inc flu hosp","2022-02-05","46","quantile",0.8,52
"2022-01-31","1 wk ahead inc flu hosp","2022-02-05","46","quantile",0.85,61
"2022-01-31","1 wk ahead inc flu hosp","2022-02-05","46","quantile",0.9,72
"2022-01-31","1 wk ahead inc flu hosp","2022-02-05","46","quantile",0.95,87
"2022-01-31","1 wk ahead inc flu hosp","2022-02-05","46","quantile",0.975,100
"2022-01-31","1 wk ahead inc flu hosp","2022-02-05","46","quantile",0.99,115
"2022-01-31","2 wk ahead inc flu hosp","2022-02-12","46","quantile",0.01,0
"2022-01-31","2 wk ahead inc flu hosp","2022-02-12","46","quantile",0.025,0
"2022-01-31","2 wk ahead inc flu hosp","2022-02-12","46","quantile",0.05,0
"2022-01-31","2 wk ahead inc flu hosp","2022-02-12","46","quantile",0.1,0
"2022-01-31","2 wk ahead inc flu hosp","2022-02-12","46","quantile",0.15,0
"2022-01-31","2 wk ahead inc flu hosp","2022-02-12","46","quantile",0.2,0
"2022-01-31","2 wk ahead inc flu hosp","2022-02-12","46","quantile",0.25,0
"2022-01-31","2 wk ahead inc flu hosp","2022-02-12","46","quantile",0.3,2
"2022-01-31","2 wk ahead inc flu hosp","2022-02-12","46","quantile",0.35,4
"2022-01-31","2 wk ahead inc flu hosp","2022-02-12","46","quantile",0.4,7
"2022-01-31","2 wk ahead inc flu hosp","2022-02-12","46","quantile",0.45,12
"2022-01-31","2 wk ahead inc flu hosp","2022-02-12","46","quantile",0.5,18
"2022-01-31","2 wk ahead inc flu hosp","2022-02-12","46","quantile",0.55,25
"2022-01-31","2 wk ahead inc flu hosp","2022-02-12","46","quantile",0.6,33
"2022-01-31","2 wk ahead inc flu hosp","2022-02-12","46","quantile",0.65,41
"2022-01-31","2 wk ahead inc flu hosp","2022-02-12","46","quantile",0.7,51
"2022-01-31","2 wk ahead inc flu hosp","2022-02-12","46","quantile",0.75,61
"2022-01-31","2 wk ahead inc flu hosp","2022-02-12","46","quantile",0.8,73
"2022-01-31","2 wk ahead inc flu hosp","2022-02-12","46","quantile",0.85,86
"2022-01-31","2 wk ahead inc flu hosp","2022-02-12","46","quantile",0.9,103
"2022-01-31","2 wk ahead inc flu hosp","2022-02-12","46","quantile",0.95,128
"2022-01-31","2 wk ahead inc flu hosp","2022-02-12","46","quantile",0.975,149
"2022-01-31","2 wk ahead inc flu hosp","2022-02-12","46","quantile",0.99,173
"2022-01-31","3 wk ahead inc flu hosp","2022-02-19","46","quantile",0.01,0
"2022-01-31","3 wk ahead inc flu hosp","2022-02-19","46","quantile",0.025,0
"2022-01-31","3 wk ahead inc flu hosp","2022-02-19","46","quantile",0.05,0
"2022-01-31","3 wk ahead inc flu hosp","2022-02-19","46","quantile",0.1,0
"2022-01-31","3 wk ahead inc flu hosp","2022-02-19","46","quantile",0.15,0
"2022-01-31","3 wk ahead inc flu hosp","2022-02-19","46","quantile",0.2,0
"2022-01-31","3 wk ahead inc flu hosp","2022-02-19","46","quantile",0.25,0
"2022-01-31","3 wk ahead inc flu hosp","2022-02-19","46","quantile",0.3,0
"2022-01-31","3 wk ahead inc flu hosp","2022-02-19","46","quantile",0.35,2
"2022-01-31","3 wk ahead inc flu hosp","2022-02-19","46","quantile",0.4,5
"2022-01-31","3 wk ahead inc flu hosp","2022-02-19","46","quantile",0.45,11
"2022-01-31","3 wk ahead inc flu hosp","2022-02-19","46","quantile",0.5,18
"2022-01-31","3 wk ahead inc flu hosp","2022-02-19","46","quantile",0.55,27
"2022-01-31","3 wk ahead inc flu hosp","2022-02-19","46","quantile",0.6,37
"2022-01-31","3 wk ahead inc flu hosp","2022-02-19","46","quantile",0.65,48
"2022-01-31","3 wk ahead inc flu hosp","2022-02-19","46","quantile",0.7,61
"2022-01-31","3 wk ahead inc flu hosp","2022-02-19","46","quantile",0.75,74
"2022-01-31","3 wk ahead inc flu hosp","2022-02-19","46","quantile",0.8,88
"2022-01-31","3 wk ahead inc flu hosp","2022-02-19","46","quantile",0.85,105
"2022-01-31","3 wk ahead inc flu hosp","2022-02-19","46","quantile",0.9,126
"2022-01-31","3 wk ahead inc flu hosp","2022-02-19","46","quantile",0.95,158
"2022-01-31","3 wk ahead inc flu hosp","2022-02-19","46","quantile",0.975,184
"2022-01-31","3 wk ahead inc flu hosp","2022-02-19","46","quantile",0.99,215
"2022-01-31","4 wk ahead inc flu hosp","2022-02-26","46","quantile",0.01,0
"2022-01-31","4 wk ahead inc flu hosp","2022-02-26","46","quantile",0.025,0
"2022-01-31","4 wk ahead inc flu hosp","2022-02-26","46","quantile",0.05,0
"2022-01-31","4 wk ahead inc flu hosp","2022-02-26","46","quantile",0.1,0
"2022-01-31","4 wk ahead inc flu hosp","2022-02-26","46","quantile",0.15,0
"2022-01-31","4 wk ahead inc flu hosp","2022-02-26","46","quantile",0.2,0
"2022-01-31","4 wk ahead inc flu hosp","2022-02-26","46","quantile",0.25,0
"2022-01-31","4 wk ahead inc flu hosp","2022-02-26","46","quantile",0.3,0
"2022-01-31","4 wk ahead inc flu hosp","2022-02-26","46","quantile",0.35,1
"2022-01-31","4 wk ahead inc flu hosp","2022-02-26","46","quantile",0.4,4
"2022-01-31","4 wk ahead inc flu hosp","2022-02-26","46","quantile",0.45,10
"2022-01-31","4 wk ahead inc flu hosp","2022-02-26","46","quantile",0.5,18
"2022-01-31","4 wk ahead inc flu hosp","2022-02-26","46","quantile",0.55,29
"2022-01-31","4 wk ahead inc flu hosp","2022-02-26","46","quantile",0.6,41
"2022-01-31","4 wk ahead inc flu hosp","2022-02-26","46","quantile",0.65,54
"2022-01-31","4 wk ahead inc flu hosp","2022-02-26","46","quantile",0.7,68
"2022-01-31","4 wk ahead inc flu hosp","2022-02-26","46","quantile",0.75,84
"2022-01-31","4 wk ahead inc flu hosp","2022-02-26","46","quantile",0.8,101
"2022-01-31","4 wk ahead inc flu hosp","2022-02-26","46","quantile",0.85,120
"2022-01-31","4 wk ahead inc flu hosp","2022-02-26","46","quantile",0.9,145
"2022-01-31","4 wk ahead inc flu hosp","2022-02-26","46","quantile",0.95,183
"2022-01-31","4 wk ahead inc flu hosp","2022-02-26","46","quantile",0.975,213
"2022-01-31","4 wk ahead inc flu hosp","2022-02-26","46","quantile",0.99,248
"2022-01-31","1 wk ahead inc flu hosp","2022-02-05","46","point",NA,18
"2022-01-31","2 wk ahead inc flu hosp","2022-02-12","46","point",NA,18
"2022-01-31","3 wk ahead inc flu hosp","2022-02-19","46","point",NA,18
"2022-01-31","4 wk ahead inc flu hosp","2022-02-26","46","point",NA,18
"2022-01-31","1 wk ahead inc flu hosp","2022-02-05","47","quantile",0.01,0
"2022-01-31","1 wk ahead inc flu hosp","2022-02-05","47","quantile",0.025,0
"2022-01-31","1 wk ahead inc flu hosp","2022-02-05","47","quantile",0.05,0
"2022-01-31","1 wk ahead inc flu hosp","2022-02-05","47","quantile",0.1,2
"2022-01-31","1 wk ahead inc flu hosp","2022-02-05","47","quantile",0.15,5
"2022-01-31","1 wk ahead inc flu hosp","2022-02-05","47","quantile",0.2,8
"2022-01-31","1 wk ahead inc flu hosp","2022-02-05","47","quantile",0.25,11
"2022-01-31","1 wk ahead inc flu hosp","2022-02-05","47","quantile",0.3,14
"2022-01-31","1 wk ahead inc flu hosp","2022-02-05","47","quantile",0.35,18
"2022-01-31","1 wk ahead inc flu hosp","2022-02-05","47","quantile",0.4,21
"2022-01-31","1 wk ahead inc flu hosp","2022-02-05","47","quantile",0.45,25
"2022-01-31","1 wk ahead inc flu hosp","2022-02-05","47","quantile",0.5,29
"2022-01-31","1 wk ahead inc flu hosp","2022-02-05","47","quantile",0.55,32
"2022-01-31","1 wk ahead inc flu hosp","2022-02-05","47","quantile",0.6,36
"2022-01-31","1 wk ahead inc flu hosp","2022-02-05","47","quantile",0.65,40
"2022-01-31","1 wk ahead inc flu hosp","2022-02-05","47","quantile",0.7,44
"2022-01-31","1 wk ahead inc flu hosp","2022-02-05","47","quantile",0.75,49
"2022-01-31","1 wk ahead inc flu hosp","2022-02-05","47","quantile",0.8,54
"2022-01-31","1 wk ahead inc flu hosp","2022-02-05","47","quantile",0.85,60
"2022-01-31","1 wk ahead inc flu hosp","2022-02-05","47","quantile",0.9,67
"2022-01-31","1 wk ahead inc flu hosp","2022-02-05","47","quantile",0.95,78
"2022-01-31","1 wk ahead inc flu hosp","2022-02-05","47","quantile",0.975,88
"2022-01-31","1 wk ahead inc flu hosp","2022-02-05","47","quantile",0.99,99
"2022-01-31","2 wk ahead inc flu hosp","2022-02-12","47","quantile",0.01,0
"2022-01-31","2 wk ahead inc flu hosp","2022-02-12","47","quantile",0.025,0
"2022-01-31","2 wk ahead inc flu hosp","2022-02-12","47","quantile",0.05,0
"2022-01-31","2 wk ahead inc flu hosp","2022-02-12","47","quantile",0.1,0
"2022-01-31","2 wk ahead inc flu hosp","2022-02-12","47","quantile",0.15,0
"2022-01-31","2 wk ahead inc flu hosp","2022-02-12","47","quantile",0.2,2
"2022-01-31","2 wk ahead inc flu hosp","2022-02-12","47","quantile",0.25,4
"2022-01-31","2 wk ahead inc flu hosp","2022-02-12","47","quantile",0.3,8
"2022-01-31","2 wk ahead inc flu hosp","2022-02-12","47","quantile",0.35,13
"2022-01-31","2 wk ahead inc flu hosp","2022-02-12","47","quantile",0.4,18
"2022-01-31","2 wk ahead inc flu hosp","2022-02-12","47","quantile",0.45,23
"2022-01-31","2 wk ahead inc flu hosp","2022-02-12","47","quantile",0.5,29
"2022-01-31","2 wk ahead inc flu hosp","2022-02-12","47","quantile",0.55,35
"2022-01-31","2 wk ahead inc flu hosp","2022-02-12","47","quantile",0.6,41
"2022-01-31","2 wk ahead inc flu hosp","2022-02-12","47","quantile",0.65,47
"2022-01-31","2 wk ahead inc flu hosp","2022-02-12","47","quantile",0.7,53
"2022-01-31","2 wk ahead inc flu hosp","2022-02-12","47","quantile",0.75,60
"2022-01-31","2 wk ahead inc flu hosp","2022-02-12","47","quantile",0.8,68
"2022-01-31","2 wk ahead inc flu hosp","2022-02-12","47","quantile",0.85,78
"2022-01-31","2 wk ahead inc flu hosp","2022-02-12","47","quantile",0.9,89
"2022-01-31","2 wk ahead inc flu hosp","2022-02-12","47","quantile",0.95,106
"2022-01-31","2 wk ahead inc flu hosp","2022-02-12","47","quantile",0.975,121
"2022-01-31","2 wk ahead inc flu hosp","2022-02-12","47","quantile",0.99,138
"2022-01-31","3 wk ahead inc flu hosp","2022-02-19","47","quantile",0.01,0
"2022-01-31","3 wk ahead inc flu hosp","2022-02-19","47","quantile",0.025,0
"2022-01-31","3 wk ahead inc flu hosp","2022-02-19","47","quantile",0.05,0
"2022-01-31","3 wk ahead inc flu hosp","2022-02-19","47","quantile",0.1,0
"2022-01-31","3 wk ahead inc flu hosp","2022-02-19","47","quantile",0.15,0
"2022-01-31","3 wk ahead inc flu hosp","2022-02-19","47","quantile",0.2,0
"2022-01-31","3 wk ahead inc flu hosp","2022-02-19","47","quantile",0.25,2
"2022-01-31","3 wk ahead inc flu hosp","2022-02-19","47","quantile",0.3,5
"2022-01-31","3 wk ahead inc flu hosp","2022-02-19","47","quantile",0.35,9
"2022-01-31","3 wk ahead inc flu hosp","2022-02-19","47","quantile",0.4,15
"2022-01-31","3 wk ahead inc flu hosp","2022-02-19","47","quantile",0.45,22
"2022-01-31","3 wk ahead inc flu hosp","2022-02-19","47","quantile",0.5,29
"2022-01-31","3 wk ahead inc flu hosp","2022-02-19","47","quantile",0.55,36
"2022-01-31","3 wk ahead inc flu hosp","2022-02-19","47","quantile",0.6,44
"2022-01-31","3 wk ahead inc flu hosp","2022-02-19","47","quantile",0.65,51
"2022-01-31","3 wk ahead inc flu hosp","2022-02-19","47","quantile",0.7,60
"2022-01-31","3 wk ahead inc flu hosp","2022-02-19","47","quantile",0.75,69
"2022-01-31","3 wk ahead inc flu hosp","2022-02-19","47","quantile",0.8,79
"2022-01-31","3 wk ahead inc flu hosp","2022-02-19","47","quantile",0.85,91
"2022-01-31","3 wk ahead inc flu hosp","2022-02-19","47","quantile",0.9,106
"2022-01-31","3 wk ahead inc flu hosp","2022-02-19","47","quantile",0.95,127
"2022-01-31","3 wk ahead inc flu hosp","2022-02-19","47","quantile",0.975,145
"2022-01-31","3 wk ahead inc flu hosp","2022-02-19","47","quantile",0.99,167
"2022-01-31","4 wk ahead inc flu hosp","2022-02-26","47","quantile",0.01,0
"2022-01-31","4 wk ahead inc flu hosp","2022-02-26","47","quantile",0.025,0
"2022-01-31","4 wk ahead inc flu hosp","2022-02-26","47","quantile",0.05,0
"2022-01-31","4 wk ahead inc flu hosp","2022-02-26","47","quantile",0.1,0
"2022-01-31","4 wk ahead inc flu hosp","2022-02-26","47","quantile",0.15,0
"2022-01-31","4 wk ahead inc flu hosp","2022-02-26","47","quantile",0.2,0
"2022-01-31","4 wk ahead inc flu hosp","2022-02-26","47","quantile",0.25,1
"2022-01-31","4 wk ahead inc flu hosp","2022-02-26","47","quantile",0.3,3
"2022-01-31","4 wk ahead inc flu hosp","2022-02-26","47","quantile",0.35,7
"2022-01-31","4 wk ahead inc flu hosp","2022-02-26","47","quantile",0.4,13
"2022-01-31","4 wk ahead inc flu hosp","2022-02-26","47","quantile",0.45,21
"2022-01-31","4 wk ahead inc flu hosp","2022-02-26","47","quantile",0.5,29
"2022-01-31","4 wk ahead inc flu hosp","2022-02-26","47","quantile",0.55,37
"2022-01-31","4 wk ahead inc flu hosp","2022-02-26","47","quantile",0.6,46
"2022-01-31","4 wk ahead inc flu hosp","2022-02-26","47","quantile",0.65,55
"2022-01-31","4 wk ahead inc flu hosp","2022-02-26","47","quantile",0.7,65
"2022-01-31","4 wk ahead inc flu hosp","2022-02-26","47","quantile",0.75,76
"2022-01-31","4 wk ahead inc flu hosp","2022-02-26","47","quantile",0.8,87
"2022-01-31","4 wk ahead inc flu hosp","2022-02-26","47","quantile",0.85,101
"2022-01-31","4 wk ahead inc flu hosp","2022-02-26","47","quantile",0.9,118
"2022-01-31","4 wk ahead inc flu hosp","2022-02-26","47","quantile",0.95,143
"2022-01-31","4 wk ahead inc flu hosp","2022-02-26","47","quantile",0.975,165
"2022-01-31","4 wk ahead inc flu hosp","2022-02-26","47","quantile",0.99,191
"2022-01-31","1 wk ahead inc flu hosp","2022-02-05","47","point",NA,29
"2022-01-31","2 wk ahead inc flu hosp","2022-02-12","47","point",NA,29
"2022-01-31","3 wk ahead inc flu hosp","2022-02-19","47","point",NA,29
"2022-01-31","4 wk ahead inc flu hosp","2022-02-26","47","point",NA,29
"2022-01-31","1 wk ahead inc flu hosp","2022-02-05","48","quantile",0.01,0
"2022-01-31","1 wk ahead inc flu hosp","2022-02-05","48","quantile",0.025,3
"2022-01-31","1 wk ahead inc flu hosp","2022-02-05","48","quantile",0.05,7
"2022-01-31","1 wk ahead inc flu hosp","2022-02-05","48","quantile",0.1,17
"2022-01-31","1 wk ahead inc flu hosp","2022-02-05","48","quantile",0.15,27
"2022-01-31","1 wk ahead inc flu hosp","2022-02-05","48","quantile",0.2,36
"2022-01-31","1 wk ahead inc flu hosp","2022-02-05","48","quantile",0.25,45
"2022-01-31","1 wk ahead inc flu hosp","2022-02-05","48","quantile",0.3,54
"2022-01-31","1 wk ahead inc flu hosp","2022-02-05","48","quantile",0.35,62
"2022-01-31","1 wk ahead inc flu hosp","2022-02-05","48","quantile",0.4,70
"2022-01-31","1 wk ahead inc flu hosp","2022-02-05","48","quantile",0.45,77
"2022-01-31","1 wk ahead inc flu hosp","2022-02-05","48","quantile",0.5,85
"2022-01-31","1 wk ahead inc flu hosp","2022-02-05","48","quantile",0.55,92
"2022-01-31","1 wk ahead inc flu hosp","2022-02-05","48","quantile",0.6,100
"2022-01-31","1 wk ahead inc flu hosp","2022-02-05","48","quantile",0.65,107
"2022-01-31","1 wk ahead inc flu hosp","2022-02-05","48","quantile",0.7,116
"2022-01-31","1 wk ahead inc flu hosp","2022-02-05","48","quantile",0.75,124
"2022-01-31","1 wk ahead inc flu hosp","2022-02-05","48","quantile",0.8,134
"2022-01-31","1 wk ahead inc flu hosp","2022-02-05","48","quantile",0.85,145
"2022-01-31","1 wk ahead inc flu hosp","2022-02-05","48","quantile",0.9,160
"2022-01-31","1 wk ahead inc flu hosp","2022-02-05","48","quantile",0.95,180
"2022-01-31","1 wk ahead inc flu hosp","2022-02-05","48","quantile",0.975,199
"2022-01-31","1 wk ahead inc flu hosp","2022-02-05","48","quantile",0.99,221
"2022-01-31","2 wk ahead inc flu hosp","2022-02-12","48","quantile",0.01,0
"2022-01-31","2 wk ahead inc flu hosp","2022-02-12","48","quantile",0.025,0
"2022-01-31","2 wk ahead inc flu hosp","2022-02-12","48","quantile",0.05,0
"2022-01-31","2 wk ahead inc flu hosp","2022-02-12","48","quantile",0.1,1
"2022-01-31","2 wk ahead inc flu hosp","2022-02-12","48","quantile",0.15,7
"2022-01-31","2 wk ahead inc flu hosp","2022-02-12","48","quantile",0.2,16
"2022-01-31","2 wk ahead inc flu hosp","2022-02-12","48","quantile",0.25,26
"2022-01-31","2 wk ahead inc flu hosp","2022-02-12","48","quantile",0.3,38
"2022-01-31","2 wk ahead inc flu hosp","2022-02-12","48","quantile",0.35,50
"2022-01-31","2 wk ahead inc flu hosp","2022-02-12","48","quantile",0.4,62
"2022-01-31","2 wk ahead inc flu hosp","2022-02-12","48","quantile",0.45,73
"2022-01-31","2 wk ahead inc flu hosp","2022-02-12","48","quantile",0.5,84
"2022-01-31","2 wk ahead inc flu hosp","2022-02-12","48","quantile",0.55,96
"2022-01-31","2 wk ahead inc flu hosp","2022-02-12","48","quantile",0.6,108
"2022-01-31","2 wk ahead inc flu hosp","2022-02-12","48","quantile",0.65,120
"2022-01-31","2 wk ahead inc flu hosp","2022-02-12","48","quantile",0.7,133
"2022-01-31","2 wk ahead inc flu hosp","2022-02-12","48","quantile",0.75,147
"2022-01-31","2 wk ahead inc flu hosp","2022-02-12","48","quantile",0.8,162
"2022-01-31","2 wk ahead inc flu hosp","2022-02-12","48","quantile",0.85,180
"2022-01-31","2 wk ahead inc flu hosp","2022-02-12","48","quantile",0.9,202
"2022-01-31","2 wk ahead inc flu hosp","2022-02-12","48","quantile",0.95,235
"2022-01-31","2 wk ahead inc flu hosp","2022-02-12","48","quantile",0.975,264
"2022-01-31","2 wk ahead inc flu hosp","2022-02-12","48","quantile",0.99,297
"2022-01-31","3 wk ahead inc flu hosp","2022-02-19","48","quantile",0.01,0
"2022-01-31","3 wk ahead inc flu hosp","2022-02-19","48","quantile",0.025,0
"2022-01-31","3 wk ahead inc flu hosp","2022-02-19","48","quantile",0.05,0
"2022-01-31","3 wk ahead inc flu hosp","2022-02-19","48","quantile",0.1,0
"2022-01-31","3 wk ahead inc flu hosp","2022-02-19","48","quantile",0.15,1
"2022-01-31","3 wk ahead inc flu hosp","2022-02-19","48","quantile",0.2,6
"2022-01-31","3 wk ahead inc flu hosp","2022-02-19","48","quantile",0.25,15
"2022-01-31","3 wk ahead inc flu hosp","2022-02-19","48","quantile",0.3,27
"2022-01-31","3 wk ahead inc flu hosp","2022-02-19","48","quantile",0.35,41
"2022-01-31","3 wk ahead inc flu hosp","2022-02-19","48","quantile",0.4,56
"2022-01-31","3 wk ahead inc flu hosp","2022-02-19","48","quantile",0.45,70
"2022-01-31","3 wk ahead inc flu hosp","2022-02-19","48","quantile",0.5,85
"2022-01-31","3 wk ahead inc flu hosp","2022-02-19","48","quantile",0.55,99
"2022-01-31","3 wk ahead inc flu hosp","2022-02-19","48","quantile",0.6,114
"2022-01-31","3 wk ahead inc flu hosp","2022-02-19","48","quantile",0.65,129
"2022-01-31","3 wk ahead inc flu hosp","2022-02-19","48","quantile",0.7,145
"2022-01-31","3 wk ahead inc flu hosp","2022-02-19","48","quantile",0.75,163
"2022-01-31","3 wk ahead inc flu hosp","2022-02-19","48","quantile",0.8,182
"2022-01-31","3 wk ahead inc flu hosp","2022-02-19","48","quantile",0.85,204
"2022-01-31","3 wk ahead inc flu hosp","2022-02-19","48","quantile",0.9,233
"2022-01-31","3 wk ahead inc flu hosp","2022-02-19","48","quantile",0.95,274
"2022-01-31","3 wk ahead inc flu hosp","2022-02-19","48","quantile",0.975,311
"2022-01-31","3 wk ahead inc flu hosp","2022-02-19","48","quantile",0.99,352
"2022-01-31","4 wk ahead inc flu hosp","2022-02-26","48","quantile",0.01,0
"2022-01-31","4 wk ahead inc flu hosp","2022-02-26","48","quantile",0.025,0
"2022-01-31","4 wk ahead inc flu hosp","2022-02-26","48","quantile",0.05,0
"2022-01-31","4 wk ahead inc flu hosp","2022-02-26","48","quantile",0.1,0
"2022-01-31","4 wk ahead inc flu hosp","2022-02-26","48","quantile",0.15,0
"2022-01-31","4 wk ahead inc flu hosp","2022-02-26","48","quantile",0.2,2
"2022-01-31","4 wk ahead inc flu hosp","2022-02-26","48","quantile",0.25,8
"2022-01-31","4 wk ahead inc flu hosp","2022-02-26","48","quantile",0.3,20
"2022-01-31","4 wk ahead inc flu hosp","2022-02-26","48","quantile",0.35,34
"2022-01-31","4 wk ahead inc flu hosp","2022-02-26","48","quantile",0.4,51
"2022-01-31","4 wk ahead inc flu hosp","2022-02-26","48","quantile",0.45,68
"2022-01-31","4 wk ahead inc flu hosp","2022-02-26","48","quantile",0.5,84
"2022-01-31","4 wk ahead inc flu hosp","2022-02-26","48","quantile",0.55,102
"2022-01-31","4 wk ahead inc flu hosp","2022-02-26","48","quantile",0.6,119
"2022-01-31","4 wk ahead inc flu hosp","2022-02-26","48","quantile",0.65,137
"2022-01-31","4 wk ahead inc flu hosp","2022-02-26","48","quantile",0.7,156
"2022-01-31","4 wk ahead inc flu hosp","2022-02-26","48","quantile",0.75,176
"2022-01-31","4 wk ahead inc flu hosp","2022-02-26","48","quantile",0.8,199
"2022-01-31","4 wk ahead inc flu hosp","2022-02-26","48","quantile",0.85,224
"2022-01-31","4 wk ahead inc flu hosp","2022-02-26","48","quantile",0.9,258
"2022-01-31","4 wk ahead inc flu hosp","2022-02-26","48","quantile",0.95,307
"2022-01-31","4 wk ahead inc flu hosp","2022-02-26","48","quantile",0.975,350
"2022-01-31","4 wk ahead inc flu hosp","2022-02-26","48","quantile",0.99,401
"2022-01-31","1 wk ahead inc flu hosp","2022-02-05","48","point",NA,85
"2022-01-31","2 wk ahead inc flu hosp","2022-02-12","48","point",NA,84
"2022-01-31","3 wk ahead inc flu hosp","2022-02-19","48","point",NA,85
"2022-01-31","4 wk ahead inc flu hosp","2022-02-26","48","point",NA,84
"2022-01-31","1 wk ahead inc flu hosp","2022-02-05","49","quantile",0.01,0
"2022-01-31","1 wk ahead inc flu hosp","2022-02-05","49","quantile",0.025,0
"2022-01-31","1 wk ahead inc flu hosp","2022-02-05","49","quantile",0.05,0
"2022-01-31","1 wk ahead inc flu hosp","2022-02-05","49","quantile",0.1,0
"2022-01-31","1 wk ahead inc flu hosp","2022-02-05","49","quantile",0.15,0
"2022-01-31","1 wk ahead inc flu hosp","2022-02-05","49","quantile",0.2,0
"2022-01-31","1 wk ahead inc flu hosp","2022-02-05","49","quantile",0.25,0
"2022-01-31","1 wk ahead inc flu hosp","2022-02-05","49","quantile",0.3,0
"2022-01-31","1 wk ahead inc flu hosp","2022-02-05","49","quantile",0.35,1
"2022-01-31","1 wk ahead inc flu hosp","2022-02-05","49","quantile",0.4,1
"2022-01-31","1 wk ahead inc flu hosp","2022-02-05","49","quantile",0.45,2
"2022-01-31","1 wk ahead inc flu hosp","2022-02-05","49","quantile",0.5,3
"2022-01-31","1 wk ahead inc flu hosp","2022-02-05","49","quantile",0.55,4
"2022-01-31","1 wk ahead inc flu hosp","2022-02-05","49","quantile",0.6,5
"2022-01-31","1 wk ahead inc flu hosp","2022-02-05","49","quantile",0.65,7
"2022-01-31","1 wk ahead inc flu hosp","2022-02-05","49","quantile",0.7,9
"2022-01-31","1 wk ahead inc flu hosp","2022-02-05","49","quantile",0.75,11
"2022-01-31","1 wk ahead inc flu hosp","2022-02-05","49","quantile",0.8,13
"2022-01-31","1 wk ahead inc flu hosp","2022-02-05","49","quantile",0.85,16
"2022-01-31","1 wk ahead inc flu hosp","2022-02-05","49","quantile",0.9,20
"2022-01-31","1 wk ahead inc flu hosp","2022-02-05","49","quantile",0.95,25
"2022-01-31","1 wk ahead inc flu hosp","2022-02-05","49","quantile",0.975,31
"2022-01-31","1 wk ahead inc flu hosp","2022-02-05","49","quantile",0.99,37
"2022-01-31","2 wk ahead inc flu hosp","2022-02-12","49","quantile",0.01,0
"2022-01-31","2 wk ahead inc flu hosp","2022-02-12","49","quantile",0.025,0
"2022-01-31","2 wk ahead inc flu hosp","2022-02-12","49","quantile",0.05,0
"2022-01-31","2 wk ahead inc flu hosp","2022-02-12","49","quantile",0.1,0
"2022-01-31","2 wk ahead inc flu hosp","2022-02-12","49","quantile",0.15,0
"2022-01-31","2 wk ahead inc flu hosp","2022-02-12","49","quantile",0.2,0
"2022-01-31","2 wk ahead inc flu hosp","2022-02-12","49","quantile",0.25,0
"2022-01-31","2 wk ahead inc flu hosp","2022-02-12","49","quantile",0.3,0
"2022-01-31","2 wk ahead inc flu hosp","2022-02-12","49","quantile",0.35,0
"2022-01-31","2 wk ahead inc flu hosp","2022-02-12","49","quantile",0.4,1
"2022-01-31","2 wk ahead inc flu hosp","2022-02-12","49","quantile",0.45,2
"2022-01-31","2 wk ahead inc flu hosp","2022-02-12","49","quantile",0.5,3
"2022-01-31","2 wk ahead inc flu hosp","2022-02-12","49","quantile",0.55,5
"2022-01-31","2 wk ahead inc flu hosp","2022-02-12","49","quantile",0.6,7
"2022-01-31","2 wk ahead inc flu hosp","2022-02-12","49","quantile",0.65,10
"2022-01-31","2 wk ahead inc flu hosp","2022-02-12","49","quantile",0.7,13
"2022-01-31","2 wk ahead inc flu hosp","2022-02-12","49","quantile",0.75,16
"2022-01-31","2 wk ahead inc flu hosp","2022-02-12","49","quantile",0.8,20
"2022-01-31","2 wk ahead inc flu hosp","2022-02-12","49","quantile",0.85,25
"2022-01-31","2 wk ahead inc flu hosp","2022-02-12","49","quantile",0.9,31
"2022-01-31","2 wk ahead inc flu hosp","2022-02-12","49","quantile",0.95,40
"2022-01-31","2 wk ahead inc flu hosp","2022-02-12","49","quantile",0.975,47
"2022-01-31","2 wk ahead inc flu hosp","2022-02-12","49","quantile",0.99,56
"2022-01-31","3 wk ahead inc flu hosp","2022-02-19","49","quantile",0.01,0
"2022-01-31","3 wk ahead inc flu hosp","2022-02-19","49","quantile",0.025,0
"2022-01-31","3 wk ahead inc flu hosp","2022-02-19","49","quantile",0.05,0
"2022-01-31","3 wk ahead inc flu hosp","2022-02-19","49","quantile",0.1,0
"2022-01-31","3 wk ahead inc flu hosp","2022-02-19","49","quantile",0.15,0
"2022-01-31","3 wk ahead inc flu hosp","2022-02-19","49","quantile",0.2,0
"2022-01-31","3 wk ahead inc flu hosp","2022-02-19","49","quantile",0.25,0
"2022-01-31","3 wk ahead inc flu hosp","2022-02-19","49","quantile",0.3,0
"2022-01-31","3 wk ahead inc flu hosp","2022-02-19","49","quantile",0.35,0
"2022-01-31","3 wk ahead inc flu hosp","2022-02-19","49","quantile",0.4,1
"2022-01-31","3 wk ahead inc flu hosp","2022-02-19","49","quantile",0.45,2
"2022-01-31","3 wk ahead inc flu hosp","2022-02-19","49","quantile",0.5,3
"2022-01-31","3 wk ahead inc flu hosp","2022-02-19","49","quantile",0.55,6
"2022-01-31","3 wk ahead inc flu hosp","2022-02-19","49","quantile",0.6,9
"2022-01-31","3 wk ahead inc flu hosp","2022-02-19","49","quantile",0.65,12
"2022-01-31","3 wk ahead inc flu hosp","2022-02-19","49","quantile",0.7,16
"2022-01-31","3 wk ahead inc flu hosp","2022-02-19","49","quantile",0.75,20
"2022-01-31","3 wk ahead inc flu hosp","2022-02-19","49","quantile",0.8,25
"2022-01-31","3 wk ahead inc flu hosp","2022-02-19","49","quantile",0.85,31
"2022-01-31","3 wk ahead inc flu hosp","2022-02-19","49","quantile",0.9,39
"2022-01-31","3 wk ahead inc flu hosp","2022-02-19","49","quantile",0.95,50
"2022-01-31","3 wk ahead inc flu hosp","2022-02-19","49","quantile",0.975,59
"2022-01-31","3 wk ahead inc flu hosp","2022-02-19","49","quantile",0.99,71
"2022-01-31","4 wk ahead inc flu hosp","2022-02-26","49","quantile",0.01,0
"2022-01-31","4 wk ahead inc flu hosp","2022-02-26","49","quantile",0.025,0
"2022-01-31","4 wk ahead inc flu hosp","2022-02-26","49","quantile",0.05,0
"2022-01-31","4 wk ahead inc flu hosp","2022-02-26","49","quantile",0.1,0
"2022-01-31","4 wk ahead inc flu hosp","2022-02-26","49","quantile",0.15,0
"2022-01-31","4 wk ahead inc flu hosp","2022-02-26","49","quantile",0.2,0
"2022-01-31","4 wk ahead inc flu hosp","2022-02-26","49","quantile",0.25,0
"2022-01-31","4 wk ahead inc flu hosp","2022-02-26","49","quantile",0.3,0
"2022-01-31","4 wk ahead inc flu hosp","2022-02-26","49","quantile",0.35,0
"2022-01-31","4 wk ahead inc flu hosp","2022-02-26","49","quantile",0.4,0
"2022-01-31","4 wk ahead inc flu hosp","2022-02-26","49","quantile",0.45,2
"2022-01-31","4 wk ahead inc flu hosp","2022-02-26","49","quantile",0.5,3
"2022-01-31","4 wk ahead inc flu hosp","2022-02-26","49","quantile",0.55,6
"2022-01-31","4 wk ahead inc flu hosp","2022-02-26","49","quantile",0.6,10
"2022-01-31","4 wk ahead inc flu hosp","2022-02-26","49","quantile",0.65,14
"2022-01-31","4 wk ahead inc flu hosp","2022-02-26","49","quantile",0.7,19
"2022-01-31","4 wk ahead inc flu hosp","2022-02-26","49","quantile",0.75,24
"2022-01-31","4 wk ahead inc flu hosp","2022-02-26","49","quantile",0.8,29
"2022-01-31","4 wk ahead inc flu hosp","2022-02-26","49","quantile",0.85,36
"2022-01-31","4 wk ahead inc flu hosp","2022-02-26","49","quantile",0.9,45
"2022-01-31","4 wk ahead inc flu hosp","2022-02-26","49","quantile",0.95,58
"2022-01-31","4 wk ahead inc flu hosp","2022-02-26","49","quantile",0.975,69
"2022-01-31","4 wk ahead inc flu hosp","2022-02-26","49","quantile",0.99,82
"2022-01-31","1 wk ahead inc flu hosp","2022-02-05","49","point",NA,3
"2022-01-31","2 wk ahead inc flu hosp","2022-02-12","49","point",NA,3
"2022-01-31","3 wk ahead inc flu hosp","2022-02-19","49","point",NA,3
"2022-01-31","4 wk ahead inc flu hosp","2022-02-26","49","point",NA,3
"2022-01-31","1 wk ahead inc flu hosp","2022-02-05","50","quantile",0.01,0
"2022-01-31","1 wk ahead inc flu hosp","2022-02-05","50","quantile",0.025,0
"2022-01-31","1 wk ahead inc flu hosp","2022-02-05","50","quantile",0.05,0
"2022-01-31","1 wk ahead inc flu hosp","2022-02-05","50","quantile",0.1,0
"2022-01-31","1 wk ahead inc flu hosp","2022-02-05","50","quantile",0.15,0
"2022-01-31","1 wk ahead inc flu hosp","2022-02-05","50","quantile",0.2,0
"2022-01-31","1 wk ahead inc flu hosp","2022-02-05","50","quantile",0.25,0
"2022-01-31","1 wk ahead inc flu hosp","2022-02-05","50","quantile",0.3,0
"2022-01-31","1 wk ahead inc flu hosp","2022-02-05","50","quantile",0.35,0
"2022-01-31","1 wk ahead inc flu hosp","2022-02-05","50","quantile",0.4,0
"2022-01-31","1 wk ahead inc flu hosp","2022-02-05","50","quantile",0.45,0
"2022-01-31","1 wk ahead inc flu hosp","2022-02-05","50","quantile",0.5,0
"2022-01-31","1 wk ahead inc flu hosp","2022-02-05","50","quantile",0.55,0
"2022-01-31","1 wk ahead inc flu hosp","2022-02-05","50","quantile",0.6,0
"2022-01-31","1 wk ahead inc flu hosp","2022-02-05","50","quantile",0.65,0
"2022-01-31","1 wk ahead inc flu hosp","2022-02-05","50","quantile",0.7,0
"2022-01-31","1 wk ahead inc flu hosp","2022-02-05","50","quantile",0.75,0
"2022-01-31","1 wk ahead inc flu hosp","2022-02-05","50","quantile",0.8,0
"2022-01-31","1 wk ahead inc flu hosp","2022-02-05","50","quantile",0.85,0
"2022-01-31","1 wk ahead inc flu hosp","2022-02-05","50","quantile",0.9,0
"2022-01-31","1 wk ahead inc flu hosp","2022-02-05","50","quantile",0.95,0
"2022-01-31","1 wk ahead inc flu hosp","2022-02-05","50","quantile",0.975,0
"2022-01-31","1 wk ahead inc flu hosp","2022-02-05","50","quantile",0.99,0
"2022-01-31","2 wk ahead inc flu hosp","2022-02-12","50","quantile",0.01,0
"2022-01-31","2 wk ahead inc flu hosp","2022-02-12","50","quantile",0.025,0
"2022-01-31","2 wk ahead inc flu hosp","2022-02-12","50","quantile",0.05,0
"2022-01-31","2 wk ahead inc flu hosp","2022-02-12","50","quantile",0.1,0
"2022-01-31","2 wk ahead inc flu hosp","2022-02-12","50","quantile",0.15,0
"2022-01-31","2 wk ahead inc flu hosp","2022-02-12","50","quantile",0.2,0
"2022-01-31","2 wk ahead inc flu hosp","2022-02-12","50","quantile",0.25,0
"2022-01-31","2 wk ahead inc flu hosp","2022-02-12","50","quantile",0.3,0
"2022-01-31","2 wk ahead inc flu hosp","2022-02-12","50","quantile",0.35,0
"2022-01-31","2 wk ahead inc flu hosp","2022-02-12","50","quantile",0.4,0
"2022-01-31","2 wk ahead inc flu hosp","2022-02-12","50","quantile",0.45,0
"2022-01-31","2 wk ahead inc flu hosp","2022-02-12","50","quantile",0.5,0
"2022-01-31","2 wk ahead inc flu hosp","2022-02-12","50","quantile",0.55,0
"2022-01-31","2 wk ahead inc flu hosp","2022-02-12","50","quantile",0.6,0
"2022-01-31","2 wk ahead inc flu hosp","2022-02-12","50","quantile",0.65,0
"2022-01-31","2 wk ahead inc flu hosp","2022-02-12","50","quantile",0.7,0
"2022-01-31","2 wk ahead inc flu hosp","2022-02-12","50","quantile",0.75,0
"2022-01-31","2 wk ahead inc flu hosp","2022-02-12","50","quantile",0.8,0
"2022-01-31","2 wk ahead inc flu hosp","2022-02-12","50","quantile",0.85,0
"2022-01-31","2 wk ahead inc flu hosp","2022-02-12","50","quantile",0.9,0
"2022-01-31","2 wk ahead inc flu hosp","2022-02-12","50","quantile",0.95,0
"2022-01-31","2 wk ahead inc flu hosp","2022-02-12","50","quantile",0.975,0
"2022-01-31","2 wk ahead inc flu hosp","2022-02-12","50","quantile",0.99,0
"2022-01-31","3 wk ahead inc flu hosp","2022-02-19","50","quantile",0.01,0
"2022-01-31","3 wk ahead inc flu hosp","2022-02-19","50","quantile",0.025,0
"2022-01-31","3 wk ahead inc flu hosp","2022-02-19","50","quantile",0.05,0
"2022-01-31","3 wk ahead inc flu hosp","2022-02-19","50","quantile",0.1,0
"2022-01-31","3 wk ahead inc flu hosp","2022-02-19","50","quantile",0.15,0
"2022-01-31","3 wk ahead inc flu hosp","2022-02-19","50","quantile",0.2,0
"2022-01-31","3 wk ahead inc flu hosp","2022-02-19","50","quantile",0.25,0
"2022-01-31","3 wk ahead inc flu hosp","2022-02-19","50","quantile",0.3,0
"2022-01-31","3 wk ahead inc flu hosp","2022-02-19","50","quantile",0.35,0
"2022-01-31","3 wk ahead inc flu hosp","2022-02-19","50","quantile",0.4,0
"2022-01-31","3 wk ahead inc flu hosp","2022-02-19","50","quantile",0.45,0
"2022-01-31","3 wk ahead inc flu hosp","2022-02-19","50","quantile",0.5,0
"2022-01-31","3 wk ahead inc flu hosp","2022-02-19","50","quantile",0.55,0
"2022-01-31","3 wk ahead inc flu hosp","2022-02-19","50","quantile",0.6,0
"2022-01-31","3 wk ahead inc flu hosp","2022-02-19","50","quantile",0.65,0
"2022-01-31","3 wk ahead inc flu hosp","2022-02-19","50","quantile",0.7,0
"2022-01-31","3 wk ahead inc flu hosp","2022-02-19","50","quantile",0.75,0
"2022-01-31","3 wk ahead inc flu hosp","2022-02-19","50","quantile",0.8,0
"2022-01-31","3 wk ahead inc flu hosp","2022-02-19","50","quantile",0.85,0
"2022-01-31","3 wk ahead inc flu hosp","2022-02-19","50","quantile",0.9,0
"2022-01-31","3 wk ahead inc flu hosp","2022-02-19","50","quantile",0.95,0
"2022-01-31","3 wk ahead inc flu hosp","2022-02-19","50","quantile",0.975,0
"2022-01-31","3 wk ahead inc flu hosp","2022-02-19","50","quantile",0.99,0
"2022-01-31","4 wk ahead inc flu hosp","2022-02-26","50","quantile",0.01,0
"2022-01-31","4 wk ahead inc flu hosp","2022-02-26","50","quantile",0.025,0
"2022-01-31","4 wk ahead inc flu hosp","2022-02-26","50","quantile",0.05,0
"2022-01-31","4 wk ahead inc flu hosp","2022-02-26","50","quantile",0.1,0
"2022-01-31","4 wk ahead inc flu hosp","2022-02-26","50","quantile",0.15,0
"2022-01-31","4 wk ahead inc flu hosp","2022-02-26","50","quantile",0.2,0
"2022-01-31","4 wk ahead inc flu hosp","2022-02-26","50","quantile",0.25,0
"2022-01-31","4 wk ahead inc flu hosp","2022-02-26","50","quantile",0.3,0
"2022-01-31","4 wk ahead inc flu hosp","2022-02-26","50","quantile",0.35,0
"2022-01-31","4 wk ahead inc flu hosp","2022-02-26","50","quantile",0.4,0
"2022-01-31","4 wk ahead inc flu hosp","2022-02-26","50","quantile",0.45,0
"2022-01-31","4 wk ahead inc flu hosp","2022-02-26","50","quantile",0.5,0
"2022-01-31","4 wk ahead inc flu hosp","2022-02-26","50","quantile",0.55,0
"2022-01-31","4 wk ahead inc flu hosp","2022-02-26","50","quantile",0.6,0
"2022-01-31","4 wk ahead inc flu hosp","2022-02-26","50","quantile",0.65,0
"2022-01-31","4 wk ahead inc flu hosp","2022-02-26","50","quantile",0.7,0
"2022-01-31","4 wk ahead inc flu hosp","2022-02-26","50","quantile",0.75,0
"2022-01-31","4 wk ahead inc flu hosp","2022-02-26","50","quantile",0.8,0
"2022-01-31","4 wk ahead inc flu hosp","2022-02-26","50","quantile",0.85,0
"2022-01-31","4 wk ahead inc flu hosp","2022-02-26","50","quantile",0.9,0
"2022-01-31","4 wk ahead inc flu hosp","2022-02-26","50","quantile",0.95,0
"2022-01-31","4 wk ahead inc flu hosp","2022-02-26","50","quantile",0.975,0
"2022-01-31","4 wk ahead inc flu hosp","2022-02-26","50","quantile",0.99,0
"2022-01-31","1 wk ahead inc flu hosp","2022-02-05","50","point",NA,0
"2022-01-31","2 wk ahead inc flu hosp","2022-02-12","50","point",NA,0
"2022-01-31","3 wk ahead inc flu hosp","2022-02-19","50","point",NA,0
"2022-01-31","4 wk ahead inc flu hosp","2022-02-26","50","point",NA,0
"2022-01-31","1 wk ahead inc flu hosp","2022-02-05","51","quantile",0.01,0
"2022-01-31","1 wk ahead inc flu hosp","2022-02-05","51","quantile",0.025,0
"2022-01-31","1 wk ahead inc flu hosp","2022-02-05","51","quantile",0.05,2
"2022-01-31","1 wk ahead inc flu hosp","2022-02-05","51","quantile",0.1,7
"2022-01-31","1 wk ahead inc flu hosp","2022-02-05","51","quantile",0.15,12
"2022-01-31","1 wk ahead inc flu hosp","2022-02-05","51","quantile",0.2,17
"2022-01-31","1 wk ahead inc flu hosp","2022-02-05","51","quantile",0.25,22
"2022-01-31","1 wk ahead inc flu hosp","2022-02-05","51","quantile",0.3,28
"2022-01-31","1 wk ahead inc flu hosp","2022-02-05","51","quantile",0.35,33
"2022-01-31","1 wk ahead inc flu hosp","2022-02-05","51","quantile",0.4,39
"2022-01-31","1 wk ahead inc flu hosp","2022-02-05","51","quantile",0.45,44
"2022-01-31","1 wk ahead inc flu hosp","2022-02-05","51","quantile",0.5,49
"2022-01-31","1 wk ahead inc flu hosp","2022-02-05","51","quantile",0.55,55
"2022-01-31","1 wk ahead inc flu hosp","2022-02-05","51","quantile",0.6,60
"2022-01-31","1 wk ahead inc flu hosp","2022-02-05","51","quantile",0.65,66
"2022-01-31","1 wk ahead inc flu hosp","2022-02-05","51","quantile",0.7,72
"2022-01-31","1 wk ahead inc flu hosp","2022-02-05","51","quantile",0.75,79
"2022-01-31","1 wk ahead inc flu hosp","2022-02-05","51","quantile",0.8,86
"2022-01-31","1 wk ahead inc flu hosp","2022-02-05","51","quantile",0.85,94
"2022-01-31","1 wk ahead inc flu hosp","2022-02-05","51","quantile",0.9,104
"2022-01-31","1 wk ahead inc flu hosp","2022-02-05","51","quantile",0.95,119
"2022-01-31","1 wk ahead inc flu hosp","2022-02-05","51","quantile",0.975,132
"2022-01-31","1 wk ahead inc flu hosp","2022-02-05","51","quantile",0.99,146
"2022-01-31","2 wk ahead inc flu hosp","2022-02-12","51","quantile",0.01,0
"2022-01-31","2 wk ahead inc flu hosp","2022-02-12","51","quantile",0.025,0
"2022-01-31","2 wk ahead inc flu hosp","2022-02-12","51","quantile",0.05,0
"2022-01-31","2 wk ahead inc flu hosp","2022-02-12","51","quantile",0.1,0
"2022-01-31","2 wk ahead inc flu hosp","2022-02-12","51","quantile",0.15,2
"2022-01-31","2 wk ahead inc flu hosp","2022-02-12","51","quantile",0.2,6
"2022-01-31","2 wk ahead inc flu hosp","2022-02-12","51","quantile",0.25,11
"2022-01-31","2 wk ahead inc flu hosp","2022-02-12","51","quantile",0.3,18
"2022-01-31","2 wk ahead inc flu hosp","2022-02-12","51","quantile",0.35,25
"2022-01-31","2 wk ahead inc flu hosp","2022-02-12","51","quantile",0.4,33
"2022-01-31","2 wk ahead inc flu hosp","2022-02-12","51","quantile",0.45,41
"2022-01-31","2 wk ahead inc flu hosp","2022-02-12","51","quantile",0.5,49
"2022-01-31","2 wk ahead inc flu hosp","2022-02-12","51","quantile",0.55,58
"2022-01-31","2 wk ahead inc flu hosp","2022-02-12","51","quantile",0.6,66
"2022-01-31","2 wk ahead inc flu hosp","2022-02-12","51","quantile",0.65,75
"2022-01-31","2 wk ahead inc flu hosp","2022-02-12","51","quantile",0.7,84
"2022-01-31","2 wk ahead inc flu hosp","2022-02-12","51","quantile",0.75,94
"2022-01-31","2 wk ahead inc flu hosp","2022-02-12","51","quantile",0.8,105
"2022-01-31","2 wk ahead inc flu hosp","2022-02-12","51","quantile",0.85,118
"2022-01-31","2 wk ahead inc flu hosp","2022-02-12","51","quantile",0.9,134
"2022-01-31","2 wk ahead inc flu hosp","2022-02-12","51","quantile",0.95,158
"2022-01-31","2 wk ahead inc flu hosp","2022-02-12","51","quantile",0.975,178
"2022-01-31","2 wk ahead inc flu hosp","2022-02-12","51","quantile",0.99,200
"2022-01-31","3 wk ahead inc flu hosp","2022-02-19","51","quantile",0.01,0
"2022-01-31","3 wk ahead inc flu hosp","2022-02-19","51","quantile",0.025,0
"2022-01-31","3 wk ahead inc flu hosp","2022-02-19","51","quantile",0.05,0
"2022-01-31","3 wk ahead inc flu hosp","2022-02-19","51","quantile",0.1,0
"2022-01-31","3 wk ahead inc flu hosp","2022-02-19","51","quantile",0.15,0
"2022-01-31","3 wk ahead inc flu hosp","2022-02-19","51","quantile",0.2,2
"2022-01-31","3 wk ahead inc flu hosp","2022-02-19","51","quantile",0.25,5
"2022-01-31","3 wk ahead inc flu hosp","2022-02-19","51","quantile",0.3,12
"2022-01-31","3 wk ahead inc flu hosp","2022-02-19","51","quantile",0.35,20
"2022-01-31","3 wk ahead inc flu hosp","2022-02-19","51","quantile",0.4,29
"2022-01-31","3 wk ahead inc flu hosp","2022-02-19","51","quantile",0.45,39
"2022-01-31","3 wk ahead inc flu hosp","2022-02-19","51","quantile",0.5,50
"2022-01-31","3 wk ahead inc flu hosp","2022-02-19","51","quantile",0.55,60
"2022-01-31","3 wk ahead inc flu hosp","2022-02-19","51","quantile",0.6,71
"2022-01-31","3 wk ahead inc flu hosp","2022-02-19","51","quantile",0.65,81
"2022-01-31","3 wk ahead inc flu hosp","2022-02-19","51","quantile",0.7,93
"2022-01-31","3 wk ahead inc flu hosp","2022-02-19","51","quantile",0.75,106
"2022-01-31","3 wk ahead inc flu hosp","2022-02-19","51","quantile",0.8,119
"2022-01-31","3 wk ahead inc flu hosp","2022-02-19","51","quantile",0.85,136
"2022-01-31","3 wk ahead inc flu hosp","2022-02-19","51","quantile",0.9,156
"2022-01-31","3 wk ahead inc flu hosp","2022-02-19","51","quantile",0.95,186
"2022-01-31","3 wk ahead inc flu hosp","2022-02-19","51","quantile",0.975,211
"2022-01-31","3 wk ahead inc flu hosp","2022-02-19","51","quantile",0.99,241
"2022-01-31","4 wk ahead inc flu hosp","2022-02-26","51","quantile",0.01,0
"2022-01-31","4 wk ahead inc flu hosp","2022-02-26","51","quantile",0.025,0
"2022-01-31","4 wk ahead inc flu hosp","2022-02-26","51","quantile",0.05,0
"2022-01-31","4 wk ahead inc flu hosp","2022-02-26","51","quantile",0.1,0
"2022-01-31","4 wk ahead inc flu hosp","2022-02-26","51","quantile",0.15,0
"2022-01-31","4 wk ahead inc flu hosp","2022-02-26","51","quantile",0.2,0
"2022-01-31","4 wk ahead inc flu hosp","2022-02-26","51","quantile",0.25,2
"2022-01-31","4 wk ahead inc flu hosp","2022-02-26","51","quantile",0.3,8
"2022-01-31","4 wk ahead inc flu hosp","2022-02-26","51","quantile",0.35,16
"2022-01-31","4 wk ahead inc flu hosp","2022-02-26","51","quantile",0.4,26
"2022-01-31","4 wk ahead inc flu hosp","2022-02-26","51","quantile",0.45,38
"2022-01-31","4 wk ahead inc flu hosp","2022-02-26","51","quantile",0.5,50
"2022-01-31","4 wk ahead inc flu hosp","2022-02-26","51","quantile",0.55,62
"2022-01-31","4 wk ahead inc flu hosp","2022-02-26","51","quantile",0.6,74
"2022-01-31","4 wk ahead inc flu hosp","2022-02-26","51","quantile",0.65,87
"2022-01-31","4 wk ahead inc flu hosp","2022-02-26","51","quantile",0.7,101
"2022-01-31","4 wk ahead inc flu hosp","2022-02-26","51","quantile",0.75,115
"2022-01-31","4 wk ahead inc flu hosp","2022-02-26","51","quantile",0.8,132
"2022-01-31","4 wk ahead inc flu hosp","2022-02-26","51","quantile",0.85,151
"2022-01-31","4 wk ahead inc flu hosp","2022-02-26","51","quantile",0.9,175
"2022-01-31","4 wk ahead inc flu hosp","2022-02-26","51","quantile",0.95,209
"2022-01-31","4 wk ahead inc flu hosp","2022-02-26","51","quantile",0.975,240
"2022-01-31","4 wk ahead inc flu hosp","2022-02-26","51","quantile",0.99,274
"2022-01-31","1 wk ahead inc flu hosp","2022-02-05","51","point",NA,49
"2022-01-31","2 wk ahead inc flu hosp","2022-02-12","51","point",NA,49
"2022-01-31","3 wk ahead inc flu hosp","2022-02-19","51","point",NA,50
"2022-01-31","4 wk ahead inc flu hosp","2022-02-26","51","point",NA,50
"2022-01-31","1 wk ahead inc flu hosp","2022-02-05","53","quantile",0.01,0
"2022-01-31","1 wk ahead inc flu hosp","2022-02-05","53","quantile",0.025,0
"2022-01-31","1 wk ahead inc flu hosp","2022-02-05","53","quantile",0.05,0
"2022-01-31","1 wk ahead inc flu hosp","2022-02-05","53","quantile",0.1,0
"2022-01-31","1 wk ahead inc flu hosp","2022-02-05","53","quantile",0.15,0
"2022-01-31","1 wk ahead inc flu hosp","2022-02-05","53","quantile",0.2,1
"2022-01-31","1 wk ahead inc flu hosp","2022-02-05","53","quantile",0.25,2
"2022-01-31","1 wk ahead inc flu hosp","2022-02-05","53","quantile",0.3,3
"2022-01-31","1 wk ahead inc flu hosp","2022-02-05","53","quantile",0.35,4
"2022-01-31","1 wk ahead inc flu hosp","2022-02-05","53","quantile",0.4,5
"2022-01-31","1 wk ahead inc flu hosp","2022-02-05","53","quantile",0.45,6
"2022-01-31","1 wk ahead inc flu hosp","2022-02-05","53","quantile",0.5,7
"2022-01-31","1 wk ahead inc flu hosp","2022-02-05","53","quantile",0.55,9
"2022-01-31","1 wk ahead inc flu hosp","2022-02-05","53","quantile",0.6,10
"2022-01-31","1 wk ahead inc flu hosp","2022-02-05","53","quantile",0.65,12
"2022-01-31","1 wk ahead inc flu hosp","2022-02-05","53","quantile",0.7,13
"2022-01-31","1 wk ahead inc flu hosp","2022-02-05","53","quantile",0.75,15
"2022-01-31","1 wk ahead inc flu hosp","2022-02-05","53","quantile",0.8,17
"2022-01-31","1 wk ahead inc flu hosp","2022-02-05","53","quantile",0.85,19
"2022-01-31","1 wk ahead inc flu hosp","2022-02-05","53","quantile",0.9,22
"2022-01-31","1 wk ahead inc flu hosp","2022-02-05","53","quantile",0.95,25
"2022-01-31","1 wk ahead inc flu hosp","2022-02-05","53","quantile",0.975,29
"2022-01-31","1 wk ahead inc flu hosp","2022-02-05","53","quantile",0.99,32
"2022-01-31","2 wk ahead inc flu hosp","2022-02-12","53","quantile",0.01,0
"2022-01-31","2 wk ahead inc flu hosp","2022-02-12","53","quantile",0.025,0
"2022-01-31","2 wk ahead inc flu hosp","2022-02-12","53","quantile",0.05,0
"2022-01-31","2 wk ahead inc flu hosp","2022-02-12","53","quantile",0.1,0
"2022-01-31","2 wk ahead inc flu hosp","2022-02-12","53","quantile",0.15,0
"2022-01-31","2 wk ahead inc flu hosp","2022-02-12","53","quantile",0.2,0
"2022-01-31","2 wk ahead inc flu hosp","2022-02-12","53","quantile",0.25,1
"2022-01-31","2 wk ahead inc flu hosp","2022-02-12","53","quantile",0.3,1
"2022-01-31","2 wk ahead inc flu hosp","2022-02-12","53","quantile",0.35,3
"2022-01-31","2 wk ahead inc flu hosp","2022-02-12","53","quantile",0.4,4
"2022-01-31","2 wk ahead inc flu hosp","2022-02-12","53","quantile",0.45,6
"2022-01-31","2 wk ahead inc flu hosp","2022-02-12","53","quantile",0.5,8
"2022-01-31","2 wk ahead inc flu hosp","2022-02-12","53","quantile",0.55,10
"2022-01-31","2 wk ahead inc flu hosp","2022-02-12","53","quantile",0.6,12
"2022-01-31","2 wk ahead inc flu hosp","2022-02-12","53","quantile",0.65,14
"2022-01-31","2 wk ahead inc flu hosp","2022-02-12","53","quantile",0.7,16
"2022-01-31","2 wk ahead inc flu hosp","2022-02-12","53","quantile",0.75,19
"2022-01-31","2 wk ahead inc flu hosp","2022-02-12","53","quantile",0.8,22
"2022-01-31","2 wk ahead inc flu hosp","2022-02-12","53","quantile",0.85,25
"2022-01-31","2 wk ahead inc flu hosp","2022-02-12","53","quantile",0.9,29
"2022-01-31","2 wk ahead inc flu hosp","2022-02-12","53","quantile",0.95,36
"2022-01-31","2 wk ahead inc flu hosp","2022-02-12","53","quantile",0.975,41
"2022-01-31","2 wk ahead inc flu hosp","2022-02-12","53","quantile",0.99,47
"2022-01-31","3 wk ahead inc flu hosp","2022-02-19","53","quantile",0.01,0
"2022-01-31","3 wk ahead inc flu hosp","2022-02-19","53","quantile",0.025,0
"2022-01-31","3 wk ahead inc flu hosp","2022-02-19","53","quantile",0.05,0
"2022-01-31","3 wk ahead inc flu hosp","2022-02-19","53","quantile",0.1,0
"2022-01-31","3 wk ahead inc flu hosp","2022-02-19","53","quantile",0.15,0
"2022-01-31","3 wk ahead inc flu hosp","2022-02-19","53","quantile",0.2,0
"2022-01-31","3 wk ahead inc flu hosp","2022-02-19","53","quantile",0.25,0
"2022-01-31","3 wk ahead inc flu hosp","2022-02-19","53","quantile",0.3,1
"2022-01-31","3 wk ahead inc flu hosp","2022-02-19","53","quantile",0.35,2
"2022-01-31","3 wk ahead inc flu hosp","2022-02-19","53","quantile",0.4,3
"2022-01-31","3 wk ahead inc flu hosp","2022-02-19","53","quantile",0.45,5
"2022-01-31","3 wk ahead inc flu hosp","2022-02-19","53","quantile",0.5,8
"2022-01-31","3 wk ahead inc flu hosp","2022-02-19","53","quantile",0.55,10
"2022-01-31","3 wk ahead inc flu hosp","2022-02-19","53","quantile",0.6,13
"2022-01-31","3 wk ahead inc flu hosp","2022-02-19","53","quantile",0.65,16
"2022-01-31","3 wk ahead inc flu hosp","2022-02-19","53","quantile",0.7,19
"2022-01-31","3 wk ahead inc flu hosp","2022-02-19","53","quantile",0.75,22
"2022-01-31","3 wk ahead inc flu hosp","2022-02-19","53","quantile",0.8,26
"2022-01-31","3 wk ahead inc flu hosp","2022-02-19","53","quantile",0.85,30
"2022-01-31","3 wk ahead inc flu hosp","2022-02-19","53","quantile",0.9,35
"2022-01-31","3 wk ahead inc flu hosp","2022-02-19","53","quantile",0.95,43
"2022-01-31","3 wk ahead inc flu hosp","2022-02-19","53","quantile",0.975,50
"2022-01-31","3 wk ahead inc flu hosp","2022-02-19","53","quantile",0.99,57
"2022-01-31","4 wk ahead inc flu hosp","2022-02-26","53","quantile",0.01,0
"2022-01-31","4 wk ahead inc flu hosp","2022-02-26","53","quantile",0.025,0
"2022-01-31","4 wk ahead inc flu hosp","2022-02-26","53","quantile",0.05,0
"2022-01-31","4 wk ahead inc flu hosp","2022-02-26","53","quantile",0.1,0
"2022-01-31","4 wk ahead inc flu hosp","2022-02-26","53","quantile",0.15,0
"2022-01-31","4 wk ahead inc flu hosp","2022-02-26","53","quantile",0.2,0
"2022-01-31","4 wk ahead inc flu hosp","2022-02-26","53","quantile",0.25,0
"2022-01-31","4 wk ahead inc flu hosp","2022-02-26","53","quantile",0.3,1
"2022-01-31","4 wk ahead inc flu hosp","2022-02-26","53","quantile",0.35,1
"2022-01-31","4 wk ahead inc flu hosp","2022-02-26","53","quantile",0.4,3
"2022-01-31","4 wk ahead inc flu hosp","2022-02-26","53","quantile",0.45,5
"2022-01-31","4 wk ahead inc flu hosp","2022-02-26","53","quantile",0.5,8
"2022-01-31","4 wk ahead inc flu hosp","2022-02-26","53","quantile",0.55,11
"2022-01-31","4 wk ahead inc flu hosp","2022-02-26","53","quantile",0.6,14
"2022-01-31","4 wk ahead inc flu hosp","2022-02-26","53","quantile",0.65,17
"2022-01-31","4 wk ahead inc flu hosp","2022-02-26","53","quantile",0.7,21
"2022-01-31","4 wk ahead inc flu hosp","2022-02-26","53","quantile",0.75,25
"2022-01-31","4 wk ahead inc flu hosp","2022-02-26","53","quantile",0.8,29
"2022-01-31","4 wk ahead inc flu hosp","2022-02-26","53","quantile",0.85,34
"2022-01-31","4 wk ahead inc flu hosp","2022-02-26","53","quantile",0.9,40
"2022-01-31","4 wk ahead inc flu hosp","2022-02-26","53","quantile",0.95,49
"2022-01-31","4 wk ahead inc flu hosp","2022-02-26","53","quantile",0.975,57
"2022-01-31","4 wk ahead inc flu hosp","2022-02-26","53","quantile",0.99,66
"2022-01-31","1 wk ahead inc flu hosp","2022-02-05","53","point",NA,7
"2022-01-31","2 wk ahead inc flu hosp","2022-02-12","53","point",NA,8
"2022-01-31","3 wk ahead inc flu hosp","2022-02-19","53","point",NA,8
"2022-01-31","4 wk ahead inc flu hosp","2022-02-26","53","point",NA,8
"2022-01-31","1 wk ahead inc flu hosp","2022-02-05","54","quantile",0.01,0
"2022-01-31","1 wk ahead inc flu hosp","2022-02-05","54","quantile",0.025,0
"2022-01-31","1 wk ahead inc flu hosp","2022-02-05","54","quantile",0.05,0
"2022-01-31","1 wk ahead inc flu hosp","2022-02-05","54","quantile",0.1,0
"2022-01-31","1 wk ahead inc flu hosp","2022-02-05","54","quantile",0.15,0
"2022-01-31","1 wk ahead inc flu hosp","2022-02-05","54","quantile",0.2,1
"2022-01-31","1 wk ahead inc flu hosp","2022-02-05","54","quantile",0.25,2
"2022-01-31","1 wk ahead inc flu hosp","2022-02-05","54","quantile",0.3,2
"2022-01-31","1 wk ahead inc flu hosp","2022-02-05","54","quantile",0.35,4
"2022-01-31","1 wk ahead inc flu hosp","2022-02-05","54","quantile",0.4,5
"2022-01-31","1 wk ahead inc flu hosp","2022-02-05","54","quantile",0.45,7
"2022-01-31","1 wk ahead inc flu hosp","2022-02-05","54","quantile",0.5,8
"2022-01-31","1 wk ahead inc flu hosp","2022-02-05","54","quantile",0.55,10
"2022-01-31","1 wk ahead inc flu hosp","2022-02-05","54","quantile",0.6,13
"2022-01-31","1 wk ahead inc flu hosp","2022-02-05","54","quantile",0.65,15
"2022-01-31","1 wk ahead inc flu hosp","2022-02-05","54","quantile",0.7,17
"2022-01-31","1 wk ahead inc flu hosp","2022-02-05","54","quantile",0.75,20
"2022-01-31","1 wk ahead inc flu hosp","2022-02-05","54","quantile",0.8,23
"2022-01-31","1 wk ahead inc flu hosp","2022-02-05","54","quantile",0.85,27
"2022-01-31","1 wk ahead inc flu hosp","2022-02-05","54","quantile",0.9,31
"2022-01-31","1 wk ahead inc flu hosp","2022-02-05","54","quantile",0.95,38
"2022-01-31","1 wk ahead inc flu hosp","2022-02-05","54","quantile",0.975,44
"2022-01-31","1 wk ahead inc flu hosp","2022-02-05","54","quantile",0.99,51
"2022-01-31","2 wk ahead inc flu hosp","2022-02-12","54","quantile",0.01,0
"2022-01-31","2 wk ahead inc flu hosp","2022-02-12","54","quantile",0.025,0
"2022-01-31","2 wk ahead inc flu hosp","2022-02-12","54","quantile",0.05,0
"2022-01-31","2 wk ahead inc flu hosp","2022-02-12","54","quantile",0.1,0
"2022-01-31","2 wk ahead inc flu hosp","2022-02-12","54","quantile",0.15,0
"2022-01-31","2 wk ahead inc flu hosp","2022-02-12","54","quantile",0.2,0
"2022-01-31","2 wk ahead inc flu hosp","2022-02-12","54","quantile",0.25,0
"2022-01-31","2 wk ahead inc flu hosp","2022-02-12","54","quantile",0.3,1
"2022-01-31","2 wk ahead inc flu hosp","2022-02-12","54","quantile",0.35,2
"2022-01-31","2 wk ahead inc flu hosp","2022-02-12","54","quantile",0.4,4
"2022-01-31","2 wk ahead inc flu hosp","2022-02-12","54","quantile",0.45,6
"2022-01-31","2 wk ahead inc flu hosp","2022-02-12","54","quantile",0.5,9
"2022-01-31","2 wk ahead inc flu hosp","2022-02-12","54","quantile",0.55,12
"2022-01-31","2 wk ahead inc flu hosp","2022-02-12","54","quantile",0.6,15
"2022-01-31","2 wk ahead inc flu hosp","2022-02-12","54","quantile",0.65,19
"2022-01-31","2 wk ahead inc flu hosp","2022-02-12","54","quantile",0.7,23
"2022-01-31","2 wk ahead inc flu hosp","2022-02-12","54","quantile",0.75,27
"2022-01-31","2 wk ahead inc flu hosp","2022-02-12","54","quantile",0.8,32
"2022-01-31","2 wk ahead inc flu hosp","2022-02-12","54","quantile",0.85,38
"2022-01-31","2 wk ahead inc flu hosp","2022-02-12","54","quantile",0.9,45
"2022-01-31","2 wk ahead inc flu hosp","2022-02-12","54","quantile",0.95,55
"2022-01-31","2 wk ahead inc flu hosp","2022-02-12","54","quantile",0.975,65
"2022-01-31","2 wk ahead inc flu hosp","2022-02-12","54","quantile",0.99,75
"2022-01-31","3 wk ahead inc flu hosp","2022-02-19","54","quantile",0.01,0
"2022-01-31","3 wk ahead inc flu hosp","2022-02-19","54","quantile",0.025,0
"2022-01-31","3 wk ahead inc flu hosp","2022-02-19","54","quantile",0.05,0
"2022-01-31","3 wk ahead inc flu hosp","2022-02-19","54","quantile",0.1,0
"2022-01-31","3 wk ahead inc flu hosp","2022-02-19","54","quantile",0.15,0
"2022-01-31","3 wk ahead inc flu hosp","2022-02-19","54","quantile",0.2,0
"2022-01-31","3 wk ahead inc flu hosp","2022-02-19","54","quantile",0.25,0
"2022-01-31","3 wk ahead inc flu hosp","2022-02-19","54","quantile",0.3,0
"2022-01-31","3 wk ahead inc flu hosp","2022-02-19","54","quantile",0.35,1
"2022-01-31","3 wk ahead inc flu hosp","2022-02-19","54","quantile",0.4,3
"2022-01-31","3 wk ahead inc flu hosp","2022-02-19","54","quantile",0.45,5
"2022-01-31","3 wk ahead inc flu hosp","2022-02-19","54","quantile",0.5,9
"2022-01-31","3 wk ahead inc flu hosp","2022-02-19","54","quantile",0.55,13
"2022-01-31","3 wk ahead inc flu hosp","2022-02-19","54","quantile",0.6,17
"2022-01-31","3 wk ahead inc flu hosp","2022-02-19","54","quantile",0.65,22
"2022-01-31","3 wk ahead inc flu hosp","2022-02-19","54","quantile",0.7,27
"2022-01-31","3 wk ahead inc flu hosp","2022-02-19","54","quantile",0.75,32
"2022-01-31","3 wk ahead inc flu hosp","2022-02-19","54","quantile",0.8,38
"2022-01-31","3 wk ahead inc flu hosp","2022-02-19","54","quantile",0.85,45
"2022-01-31","3 wk ahead inc flu hosp","2022-02-19","54","quantile",0.9,54
"2022-01-31","3 wk ahead inc flu hosp","2022-02-19","54","quantile",0.95,68
"2022-01-31","3 wk ahead inc flu hosp","2022-02-19","54","quantile",0.975,79
"2022-01-31","3 wk ahead inc flu hosp","2022-02-19","54","quantile",0.99,92
"2022-01-31","4 wk ahead inc flu hosp","2022-02-26","54","quantile",0.01,0
"2022-01-31","4 wk ahead inc flu hosp","2022-02-26","54","quantile",0.025,0
"2022-01-31","4 wk ahead inc flu hosp","2022-02-26","54","quantile",0.05,0
"2022-01-31","4 wk ahead inc flu hosp","2022-02-26","54","quantile",0.1,0
"2022-01-31","4 wk ahead inc flu hosp","2022-02-26","54","quantile",0.15,0
"2022-01-31","4 wk ahead inc flu hosp","2022-02-26","54","quantile",0.2,0
"2022-01-31","4 wk ahead inc flu hosp","2022-02-26","54","quantile",0.25,0
"2022-01-31","4 wk ahead inc flu hosp","2022-02-26","54","quantile",0.3,0
"2022-01-31","4 wk ahead inc flu hosp","2022-02-26","54","quantile",0.35,1
"2022-01-31","4 wk ahead inc flu hosp","2022-02-26","54","quantile",0.4,2
"2022-01-31","4 wk ahead inc flu hosp","2022-02-26","54","quantile",0.45,5
"2022-01-31","4 wk ahead inc flu hosp","2022-02-26","54","quantile",0.5,9
"2022-01-31","4 wk ahead inc flu hosp","2022-02-26","54","quantile",0.55,13
"2022-01-31","4 wk ahead inc flu hosp","2022-02-26","54","quantile",0.6,19
"2022-01-31","4 wk ahead inc flu hosp","2022-02-26","54","quantile",0.65,24
"2022-01-31","4 wk ahead inc flu hosp","2022-02-26","54","quantile",0.7,30
"2022-01-31","4 wk ahead inc flu hosp","2022-02-26","54","quantile",0.75,36
"2022-01-31","4 wk ahead inc flu hosp","2022-02-26","54","quantile",0.8,44
"2022-01-31","4 wk ahead inc flu hosp","2022-02-26","54","quantile",0.85,52
"2022-01-31","4 wk ahead inc flu hosp","2022-02-26","54","quantile",0.9,62
"2022-01-31","4 wk ahead inc flu hosp","2022-02-26","54","quantile",0.95,78
"2022-01-31","4 wk ahead inc flu hosp","2022-02-26","54","quantile",0.975,91
"2022-01-31","4 wk ahead inc flu hosp","2022-02-26","54","quantile",0.99,106
"2022-01-31","1 wk ahead inc flu hosp","2022-02-05","54","point",NA,8
"2022-01-31","2 wk ahead inc flu hosp","2022-02-12","54","point",NA,9
"2022-01-31","3 wk ahead inc flu hosp","2022-02-19","54","point",NA,9
"2022-01-31","4 wk ahead inc flu hosp","2022-02-26","54","point",NA,9
"2022-01-31","1 wk ahead inc flu hosp","2022-02-05","55","quantile",0.01,0
"2022-01-31","1 wk ahead inc flu hosp","2022-02-05","55","quantile",0.025,0
"2022-01-31","1 wk ahead inc flu hosp","2022-02-05","55","quantile",0.05,0
"2022-01-31","1 wk ahead inc flu hosp","2022-02-05","55","quantile",0.1,3
"2022-01-31","1 wk ahead inc flu hosp","2022-02-05","55","quantile",0.15,5
"2022-01-31","1 wk ahead inc flu hosp","2022-02-05","55","quantile",0.2,8
"2022-01-31","1 wk ahead inc flu hosp","2022-02-05","55","quantile",0.25,12
"2022-01-31","1 wk ahead inc flu hosp","2022-02-05","55","quantile",0.3,15
"2022-01-31","1 wk ahead inc flu hosp","2022-02-05","55","quantile",0.35,18
"2022-01-31","1 wk ahead inc flu hosp","2022-02-05","55","quantile",0.4,22
"2022-01-31","1 wk ahead inc flu hosp","2022-02-05","55","quantile",0.45,25
"2022-01-31","1 wk ahead inc flu hosp","2022-02-05","55","quantile",0.5,29
"2022-01-31","1 wk ahead inc flu hosp","2022-02-05","55","quantile",0.55,32
"2022-01-31","1 wk ahead inc flu hosp","2022-02-05","55","quantile",0.6,36
"2022-01-31","1 wk ahead inc flu hosp","2022-02-05","55","quantile",0.65,39
"2022-01-31","1 wk ahead inc flu hosp","2022-02-05","55","quantile",0.7,43
"2022-01-31","1 wk ahead inc flu hosp","2022-02-05","55","quantile",0.75,47
"2022-01-31","1 wk ahead inc flu hosp","2022-02-05","55","quantile",0.8,52
"2022-01-31","1 wk ahead inc flu hosp","2022-02-05","55","quantile",0.85,58
"2022-01-31","1 wk ahead inc flu hosp","2022-02-05","55","quantile",0.9,64
"2022-01-31","1 wk ahead inc flu hosp","2022-02-05","55","quantile",0.95,75
"2022-01-31","1 wk ahead inc flu hosp","2022-02-05","55","quantile",0.975,84
"2022-01-31","1 wk ahead inc flu hosp","2022-02-05","55","quantile",0.99,95
"2022-01-31","2 wk ahead inc flu hosp","2022-02-12","55","quantile",0.01,0
"2022-01-31","2 wk ahead inc flu hosp","2022-02-12","55","quantile",0.025,0
"2022-01-31","2 wk ahead inc flu hosp","2022-02-12","55","quantile",0.05,0
"2022-01-31","2 wk ahead inc flu hosp","2022-02-12","55","quantile",0.1,0
"2022-01-31","2 wk ahead inc flu hosp","2022-02-12","55","quantile",0.15,0
"2022-01-31","2 wk ahead inc flu hosp","2022-02-12","55","quantile",0.2,2
"2022-01-31","2 wk ahead inc flu hosp","2022-02-12","55","quantile",0.25,5
"2022-01-31","2 wk ahead inc flu hosp","2022-02-12","55","quantile",0.3,9
"2022-01-31","2 wk ahead inc flu hosp","2022-02-12","55","quantile",0.35,13
"2022-01-31","2 wk ahead inc flu hosp","2022-02-12","55","quantile",0.4,18
"2022-01-31","2 wk ahead inc flu hosp","2022-02-12","55","quantile",0.45,23
"2022-01-31","2 wk ahead inc flu hosp","2022-02-12","55","quantile",0.5,29
"2022-01-31","2 wk ahead inc flu hosp","2022-02-12","55","quantile",0.55,34
"2022-01-31","2 wk ahead inc flu hosp","2022-02-12","55","quantile",0.6,40
"2022-01-31","2 wk ahead inc flu hosp","2022-02-12","55","quantile",0.65,45
"2022-01-31","2 wk ahead inc flu hosp","2022-02-12","55","quantile",0.7,52
"2022-01-31","2 wk ahead inc flu hosp","2022-02-12","55","quantile",0.75,58
"2022-01-31","2 wk ahead inc flu hosp","2022-02-12","55","quantile",0.8,65
"2022-01-31","2 wk ahead inc flu hosp","2022-02-12","55","quantile",0.85,74
"2022-01-31","2 wk ahead inc flu hosp","2022-02-12","55","quantile",0.9,85
"2022-01-31","2 wk ahead inc flu hosp","2022-02-12","55","quantile",0.95,101
"2022-01-31","2 wk ahead inc flu hosp","2022-02-12","55","quantile",0.975,115
"2022-01-31","2 wk ahead inc flu hosp","2022-02-12","55","quantile",0.99,132
"2022-01-31","3 wk ahead inc flu hosp","2022-02-19","55","quantile",0.01,0
"2022-01-31","3 wk ahead inc flu hosp","2022-02-19","55","quantile",0.025,0
"2022-01-31","3 wk ahead inc flu hosp","2022-02-19","55","quantile",0.05,0
"2022-01-31","3 wk ahead inc flu hosp","2022-02-19","55","quantile",0.1,0
"2022-01-31","3 wk ahead inc flu hosp","2022-02-19","55","quantile",0.15,0
"2022-01-31","3 wk ahead inc flu hosp","2022-02-19","55","quantile",0.2,0
"2022-01-31","3 wk ahead inc flu hosp","2022-02-19","55","quantile",0.25,2
"2022-01-31","3 wk ahead inc flu hosp","2022-02-19","55","quantile",0.3,5
"2022-01-31","3 wk ahead inc flu hosp","2022-02-19","55","quantile",0.35,10
"2022-01-31","3 wk ahead inc flu hosp","2022-02-19","55","quantile",0.4,16
"2022-01-31","3 wk ahead inc flu hosp","2022-02-19","55","quantile",0.45,22
"2022-01-31","3 wk ahead inc flu hosp","2022-02-19","55","quantile",0.5,29
"2022-01-31","3 wk ahead inc flu hosp","2022-02-19","55","quantile",0.55,36
"2022-01-31","3 wk ahead inc flu hosp","2022-02-19","55","quantile",0.6,43
"2022-01-31","3 wk ahead inc flu hosp","2022-02-19","55","quantile",0.65,50
"2022-01-31","3 wk ahead inc flu hosp","2022-02-19","55","quantile",0.7,58
"2022-01-31","3 wk ahead inc flu hosp","2022-02-19","55","quantile",0.75,66
"2022-01-31","3 wk ahead inc flu hosp","2022-02-19","55","quantile",0.8,75
"2022-01-31","3 wk ahead inc flu hosp","2022-02-19","55","quantile",0.85,86
"2022-01-31","3 wk ahead inc flu hosp","2022-02-19","55","quantile",0.9,100
"2022-01-31","3 wk ahead inc flu hosp","2022-02-19","55","quantile",0.95,120
"2022-01-31","3 wk ahead inc flu hosp","2022-02-19","55","quantile",0.975,138
"2022-01-31","3 wk ahead inc flu hosp","2022-02-19","55","quantile",0.99,159
"2022-01-31","4 wk ahead inc flu hosp","2022-02-26","55","quantile",0.01,0
"2022-01-31","4 wk ahead inc flu hosp","2022-02-26","55","quantile",0.025,0
"2022-01-31","4 wk ahead inc flu hosp","2022-02-26","55","quantile",0.05,0
"2022-01-31","4 wk ahead inc flu hosp","2022-02-26","55","quantile",0.1,0
"2022-01-31","4 wk ahead inc flu hosp","2022-02-26","55","quantile",0.15,0
"2022-01-31","4 wk ahead inc flu hosp","2022-02-26","55","quantile",0.2,0
"2022-01-31","4 wk ahead inc flu hosp","2022-02-26","55","quantile",0.25,1
"2022-01-31","4 wk ahead inc flu hosp","2022-02-26","55","quantile",0.3,3
"2022-01-31","4 wk ahead inc flu hosp","2022-02-26","55","quantile",0.35,8
"2022-01-31","4 wk ahead inc flu hosp","2022-02-26","55","quantile",0.4,14
"2022-01-31","4 wk ahead inc flu hosp","2022-02-26","55","quantile",0.45,21
"2022-01-31","4 wk ahead inc flu hosp","2022-02-26","55","quantile",0.5,29
"2022-01-31","4 wk ahead inc flu hosp","2022-02-26","55","quantile",0.55,37
"2022-01-31","4 wk ahead inc flu hosp","2022-02-26","55","quantile",0.6,45
"2022-01-31","4 wk ahead inc flu hosp","2022-02-26","55","quantile",0.65,54
"2022-01-31","4 wk ahead inc flu hosp","2022-02-26","55","quantile",0.7,63
"2022-01-31","4 wk ahead inc flu hosp","2022-02-26","55","quantile",0.75,73
"2022-01-31","4 wk ahead inc flu hosp","2022-02-26","55","quantile",0.8,84
"2022-01-31","4 wk ahead inc flu hosp","2022-02-26","55","quantile",0.85,96
"2022-01-31","4 wk ahead inc flu hosp","2022-02-26","55","quantile",0.9,112
"2022-01-31","4 wk ahead inc flu hosp","2022-02-26","55","quantile",0.95,136
"2022-01-31","4 wk ahead inc flu hosp","2022-02-26","55","quantile",0.975,157
"2022-01-31","4 wk ahead inc flu hosp","2022-02-26","55","quantile",0.99,181
"2022-01-31","1 wk ahead inc flu hosp","2022-02-05","55","point",NA,29
"2022-01-31","2 wk ahead inc flu hosp","2022-02-12","55","point",NA,29
"2022-01-31","3 wk ahead inc flu hosp","2022-02-19","55","point",NA,29
"2022-01-31","4 wk ahead inc flu hosp","2022-02-26","55","point",NA,29
"2022-01-31","1 wk ahead inc flu hosp","2022-02-05","56","quantile",0.01,0
"2022-01-31","1 wk ahead inc flu hosp","2022-02-05","56","quantile",0.025,0
"2022-01-31","1 wk ahead inc flu hosp","2022-02-05","56","quantile",0.05,0
"2022-01-31","1 wk ahead inc flu hosp","2022-02-05","56","quantile",0.1,0
"2022-01-31","1 wk ahead inc flu hosp","2022-02-05","56","quantile",0.15,0
"2022-01-31","1 wk ahead inc flu hosp","2022-02-05","56","quantile",0.2,0
"2022-01-31","1 wk ahead inc flu hosp","2022-02-05","56","quantile",0.25,0
"2022-01-31","1 wk ahead inc flu hosp","2022-02-05","56","quantile",0.3,0
"2022-01-31","1 wk ahead inc flu hosp","2022-02-05","56","quantile",0.35,0
"2022-01-31","1 wk ahead inc flu hosp","2022-02-05","56","quantile",0.4,1
"2022-01-31","1 wk ahead inc flu hosp","2022-02-05","56","quantile",0.45,1
"2022-01-31","1 wk ahead inc flu hosp","2022-02-05","56","quantile",0.5,2
"2022-01-31","1 wk ahead inc flu hosp","2022-02-05","56","quantile",0.55,3
"2022-01-31","1 wk ahead inc flu hosp","2022-02-05","56","quantile",0.6,4
"2022-01-31","1 wk ahead inc flu hosp","2022-02-05","56","quantile",0.65,5
"2022-01-31","1 wk ahead inc flu hosp","2022-02-05","56","quantile",0.7,6
"2022-01-31","1 wk ahead inc flu hosp","2022-02-05","56","quantile",0.75,7
"2022-01-31","1 wk ahead inc flu hosp","2022-02-05","56","quantile",0.8,9
"2022-01-31","1 wk ahead inc flu hosp","2022-02-05","56","quantile",0.85,11
"2022-01-31","1 wk ahead inc flu hosp","2022-02-05","56","quantile",0.9,14
"2022-01-31","1 wk ahead inc flu hosp","2022-02-05","56","quantile",0.95,18
"2022-01-31","1 wk ahead inc flu hosp","2022-02-05","56","quantile",0.975,21
"2022-01-31","1 wk ahead inc flu hosp","2022-02-05","56","quantile",0.99,25
"2022-01-31","2 wk ahead inc flu hosp","2022-02-12","56","quantile",0.01,0
"2022-01-31","2 wk ahead inc flu hosp","2022-02-12","56","quantile",0.025,0
"2022-01-31","2 wk ahead inc flu hosp","2022-02-12","56","quantile",0.05,0
"2022-01-31","2 wk ahead inc flu hosp","2022-02-12","56","quantile",0.1,0
"2022-01-31","2 wk ahead inc flu hosp","2022-02-12","56","quantile",0.15,0
"2022-01-31","2 wk ahead inc flu hosp","2022-02-12","56","quantile",0.2,0
"2022-01-31","2 wk ahead inc flu hosp","2022-02-12","56","quantile",0.25,0
"2022-01-31","2 wk ahead inc flu hosp","2022-02-12","56","quantile",0.3,0
"2022-01-31","2 wk ahead inc flu hosp","2022-02-12","56","quantile",0.35,0
"2022-01-31","2 wk ahead inc flu hosp","2022-02-12","56","quantile",0.4,1
"2022-01-31","2 wk ahead inc flu hosp","2022-02-12","56","quantile",0.45,1
"2022-01-31","2 wk ahead inc flu hosp","2022-02-12","56","quantile",0.5,2
"2022-01-31","2 wk ahead inc flu hosp","2022-02-12","56","quantile",0.55,4
"2022-01-31","2 wk ahead inc flu hosp","2022-02-12","56","quantile",0.6,5
"2022-01-31","2 wk ahead inc flu hosp","2022-02-12","56","quantile",0.65,7
"2022-01-31","2 wk ahead inc flu hosp","2022-02-12","56","quantile",0.7,9
"2022-01-31","2 wk ahead inc flu hosp","2022-02-12","56","quantile",0.75,11
"2022-01-31","2 wk ahead inc flu hosp","2022-02-12","56","quantile",0.8,14
"2022-01-31","2 wk ahead inc flu hosp","2022-02-12","56","quantile",0.85,17
"2022-01-31","2 wk ahead inc flu hosp","2022-02-12","56","quantile",0.9,21
"2022-01-31","2 wk ahead inc flu hosp","2022-02-12","56","quantile",0.95,27
"2022-01-31","2 wk ahead inc flu hosp","2022-02-12","56","quantile",0.975,33
"2022-01-31","2 wk ahead inc flu hosp","2022-02-12","56","quantile",0.99,39
"2022-01-31","3 wk ahead inc flu hosp","2022-02-19","56","quantile",0.01,0
"2022-01-31","3 wk ahead inc flu hosp","2022-02-19","56","quantile",0.025,0
"2022-01-31","3 wk ahead inc flu hosp","2022-02-19","56","quantile",0.05,0
"2022-01-31","3 wk ahead inc flu hosp","2022-02-19","56","quantile",0.1,0
"2022-01-31","3 wk ahead inc flu hosp","2022-02-19","56","quantile",0.15,0
"2022-01-31","3 wk ahead inc flu hosp","2022-02-19","56","quantile",0.2,0
"2022-01-31","3 wk ahead inc flu hosp","2022-02-19","56","quantile",0.25,0
"2022-01-31","3 wk ahead inc flu hosp","2022-02-19","56","quantile",0.3,0
"2022-01-31","3 wk ahead inc flu hosp","2022-02-19","56","quantile",0.35,0
"2022-01-31","3 wk ahead inc flu hosp","2022-02-19","56","quantile",0.4,1
"2022-01-31","3 wk ahead inc flu hosp","2022-02-19","56","quantile",0.45,1
"2022-01-31","3 wk ahead inc flu hosp","2022-02-19","56","quantile",0.5,2
"2022-01-31","3 wk ahead inc flu hosp","2022-02-19","56","quantile",0.55,4
"2022-01-31","3 wk ahead inc flu hosp","2022-02-19","56","quantile",0.6,6
"2022-01-31","3 wk ahead inc flu hosp","2022-02-19","56","quantile",0.65,9
"2022-01-31","3 wk ahead inc flu hosp","2022-02-19","56","quantile",0.7,11
"2022-01-31","3 wk ahead inc flu hosp","2022-02-19","56","quantile",0.75,14
"2022-01-31","3 wk ahead inc flu hosp","2022-02-19","56","quantile",0.8,18
"2022-01-31","3 wk ahead inc flu hosp","2022-02-19","56","quantile",0.85,22
"2022-01-31","3 wk ahead inc flu hosp","2022-02-19","56","quantile",0.9,27
"2022-01-31","3 wk ahead inc flu hosp","2022-02-19","56","quantile",0.95,34
"2022-01-31","3 wk ahead inc flu hosp","2022-02-19","56","quantile",0.975,41
"2022-01-31","3 wk ahead inc flu hosp","2022-02-19","56","quantile",0.99,49
"2022-01-31","4 wk ahead inc flu hosp","2022-02-26","56","quantile",0.01,0
"2022-01-31","4 wk ahead inc flu hosp","2022-02-26","56","quantile",0.025,0
"2022-01-31","4 wk ahead inc flu hosp","2022-02-26","56","quantile",0.05,0
"2022-01-31","4 wk ahead inc flu hosp","2022-02-26","56","quantile",0.1,0
"2022-01-31","4 wk ahead inc flu hosp","2022-02-26","56","quantile",0.15,0
"2022-01-31","4 wk ahead inc flu hosp","2022-02-26","56","quantile",0.2,0
"2022-01-31","4 wk ahead inc flu hosp","2022-02-26","56","quantile",0.25,0
"2022-01-31","4 wk ahead inc flu hosp","2022-02-26","56","quantile",0.3,0
"2022-01-31","4 wk ahead inc flu hosp","2022-02-26","56","quantile",0.35,0
"2022-01-31","4 wk ahead inc flu hosp","2022-02-26","56","quantile",0.4,0
"2022-01-31","4 wk ahead inc flu hosp","2022-02-26","56","quantile",0.45,1
"2022-01-31","4 wk ahead inc flu hosp","2022-02-26","56","quantile",0.5,3
"2022-01-31","4 wk ahead inc flu hosp","2022-02-26","56","quantile",0.55,4
"2022-01-31","4 wk ahead inc flu hosp","2022-02-26","56","quantile",0.6,7
"2022-01-31","4 wk ahead inc flu hosp","2022-02-26","56","quantile",0.65,10
"2022-01-31","4 wk ahead inc flu hosp","2022-02-26","56","quantile",0.7,13
"2022-01-31","4 wk ahead inc flu hosp","2022-02-26","56","quantile",0.75,17
"2022-01-31","4 wk ahead inc flu hosp","2022-02-26","56","quantile",0.8,21
"2022-01-31","4 wk ahead inc flu hosp","2022-02-26","56","quantile",0.85,25
"2022-01-31","4 wk ahead inc flu hosp","2022-02-26","56","quantile",0.9,31
"2022-01-31","4 wk ahead inc flu hosp","2022-02-26","56","quantile",0.95,40
"2022-01-31","4 wk ahead inc flu hosp","2022-02-26","56","quantile",0.975,48
"2022-01-31","4 wk ahead inc flu hosp","2022-02-26","56","quantile",0.99,57
"2022-01-31","1 wk ahead inc flu hosp","2022-02-05","56","point",NA,2
"2022-01-31","2 wk ahead inc flu hosp","2022-02-12","56","point",NA,2
"2022-01-31","3 wk ahead inc flu hosp","2022-02-19","56","point",NA,2
"2022-01-31","4 wk ahead inc flu hosp","2022-02-26","56","point",NA,3
"2022-01-31","1 wk ahead inc flu hosp","2022-02-05","72","quantile",0.01,0
"2022-01-31","1 wk ahead inc flu hosp","2022-02-05","72","quantile",0.025,0
"2022-01-31","1 wk ahead inc flu hosp","2022-02-05","72","quantile",0.05,0
"2022-01-31","1 wk ahead inc flu hosp","2022-02-05","72","quantile",0.1,1
"2022-01-31","1 wk ahead inc flu hosp","2022-02-05","72","quantile",0.15,2
"2022-01-31","1 wk ahead inc flu hosp","2022-02-05","72","quantile",0.2,3
"2022-01-31","1 wk ahead inc flu hosp","2022-02-05","72","quantile",0.25,5
"2022-01-31","1 wk ahead inc flu hosp","2022-02-05","72","quantile",0.3,7
"2022-01-31","1 wk ahead inc flu hosp","2022-02-05","72","quantile",0.35,8
"2022-01-31","1 wk ahead inc flu hosp","2022-02-05","72","quantile",0.4,10
"2022-01-31","1 wk ahead inc flu hosp","2022-02-05","72","quantile",0.45,12
"2022-01-31","1 wk ahead inc flu hosp","2022-02-05","72","quantile",0.5,15
"2022-01-31","1 wk ahead inc flu hosp","2022-02-05","72","quantile",0.55,17
"2022-01-31","1 wk ahead inc flu hosp","2022-02-05","72","quantile",0.6,19
"2022-01-31","1 wk ahead inc flu hosp","2022-02-05","72","quantile",0.65,21
"2022-01-31","1 wk ahead inc flu hosp","2022-02-05","72","quantile",0.7,24
"2022-01-31","1 wk ahead inc flu hosp","2022-02-05","72","quantile",0.75,27
"2022-01-31","1 wk ahead inc flu hosp","2022-02-05","72","quantile",0.8,29
"2022-01-31","1 wk ahead inc flu hosp","2022-02-05","72","quantile",0.85,33
"2022-01-31","1 wk ahead inc flu hosp","2022-02-05","72","quantile",0.9,37
"2022-01-31","1 wk ahead inc flu hosp","2022-02-05","72","quantile",0.95,44
"2022-01-31","1 wk ahead inc flu hosp","2022-02-05","72","quantile",0.975,49
"2022-01-31","1 wk ahead inc flu hosp","2022-02-05","72","quantile",0.99,55
"2022-01-31","2 wk ahead inc flu hosp","2022-02-12","72","quantile",0.01,0
"2022-01-31","2 wk ahead inc flu hosp","2022-02-12","72","quantile",0.025,0
"2022-01-31","2 wk ahead inc flu hosp","2022-02-12","72","quantile",0.05,0
"2022-01-31","2 wk ahead inc flu hosp","2022-02-12","72","quantile",0.1,0
"2022-01-31","2 wk ahead inc flu hosp","2022-02-12","72","quantile",0.15,0
"2022-01-31","2 wk ahead inc flu hosp","2022-02-12","72","quantile",0.2,1
"2022-01-31","2 wk ahead inc flu hosp","2022-02-12","72","quantile",0.25,2
"2022-01-31","2 wk ahead inc flu hosp","2022-02-12","72","quantile",0.3,4
"2022-01-31","2 wk ahead inc flu hosp","2022-02-12","72","quantile",0.35,6
"2022-01-31","2 wk ahead inc flu hosp","2022-02-12","72","quantile",0.4,8
"2022-01-31","2 wk ahead inc flu hosp","2022-02-12","72","quantile",0.45,12
"2022-01-31","2 wk ahead inc flu hosp","2022-02-12","72","quantile",0.5,15
"2022-01-31","2 wk ahead inc flu hosp","2022-02-12","72","quantile",0.55,18
"2022-01-31","2 wk ahead inc flu hosp","2022-02-12","72","quantile",0.6,22
"2022-01-31","2 wk ahead inc flu hosp","2022-02-12","72","quantile",0.65,25
"2022-01-31","2 wk ahead inc flu hosp","2022-02-12","72","quantile",0.7,29
"2022-01-31","2 wk ahead inc flu hosp","2022-02-12","72","quantile",0.75,33
"2022-01-31","2 wk ahead inc flu hosp","2022-02-12","72","quantile",0.8,38
"2022-01-31","2 wk ahead inc flu hosp","2022-02-12","72","quantile",0.85,43
"2022-01-31","2 wk ahead inc flu hosp","2022-02-12","72","quantile",0.9,50
"2022-01-31","2 wk ahead inc flu hosp","2022-02-12","72","quantile",0.95,60
"2022-01-31","2 wk ahead inc flu hosp","2022-02-12","72","quantile",0.975,69
"2022-01-31","2 wk ahead inc flu hosp","2022-02-12","72","quantile",0.99,78
"2022-01-31","3 wk ahead inc flu hosp","2022-02-19","72","quantile",0.01,0
"2022-01-31","3 wk ahead inc flu hosp","2022-02-19","72","quantile",0.025,0
"2022-01-31","3 wk ahead inc flu hosp","2022-02-19","72","quantile",0.05,0
"2022-01-31","3 wk ahead inc flu hosp","2022-02-19","72","quantile",0.1,0
"2022-01-31","3 wk ahead inc flu hosp","2022-02-19","72","quantile",0.15,0
"2022-01-31","3 wk ahead inc flu hosp","2022-02-19","72","quantile",0.2,0
"2022-01-31","3 wk ahead inc flu hosp","2022-02-19","72","quantile",0.25,1
"2022-01-31","3 wk ahead inc flu hosp","2022-02-19","72","quantile",0.3,2
"2022-01-31","3 wk ahead inc flu hosp","2022-02-19","72","quantile",0.35,4
"2022-01-31","3 wk ahead inc flu hosp","2022-02-19","72","quantile",0.4,7
"2022-01-31","3 wk ahead inc flu hosp","2022-02-19","72","quantile",0.45,11
"2022-01-31","3 wk ahead inc flu hosp","2022-02-19","72","quantile",0.5,15
"2022-01-31","3 wk ahead inc flu hosp","2022-02-19","72","quantile",0.55,19
"2022-01-31","3 wk ahead inc flu hosp","2022-02-19","72","quantile",0.6,23
"2022-01-31","3 wk ahead inc flu hosp","2022-02-19","72","quantile",0.65,28
"2022-01-31","3 wk ahead inc flu hosp","2022-02-19","72","quantile",0.7,33
"2022-01-31","3 wk ahead inc flu hosp","2022-02-19","72","quantile",0.75,38
"2022-01-31","3 wk ahead inc flu hosp","2022-02-19","72","quantile",0.8,44
"2022-01-31","3 wk ahead inc flu hosp","2022-02-19","72","quantile",0.85,51
"2022-01-31","3 wk ahead inc flu hosp","2022-02-19","72","quantile",0.9,59
"2022-01-31","3 wk ahead inc flu hosp","2022-02-19","72","quantile",0.95,72
"2022-01-31","3 wk ahead inc flu hosp","2022-02-19","72","quantile",0.975,83
"2022-01-31","3 wk ahead inc flu hosp","2022-02-19","72","quantile",0.99,96
"2022-01-31","4 wk ahead inc flu hosp","2022-02-26","72","quantile",0.01,0
"2022-01-31","4 wk ahead inc flu hosp","2022-02-26","72","quantile",0.025,0
"2022-01-31","4 wk ahead inc flu hosp","2022-02-26","72","quantile",0.05,0
"2022-01-31","4 wk ahead inc flu hosp","2022-02-26","72","quantile",0.1,0
"2022-01-31","4 wk ahead inc flu hosp","2022-02-26","72","quantile",0.15,0
"2022-01-31","4 wk ahead inc flu hosp","2022-02-26","72","quantile",0.2,0
"2022-01-31","4 wk ahead inc flu hosp","2022-02-26","72","quantile",0.25,0
"2022-01-31","4 wk ahead inc flu hosp","2022-02-26","72","quantile",0.3,1
"2022-01-31","4 wk ahead inc flu hosp","2022-02-26","72","quantile",0.35,3
"2022-01-31","4 wk ahead inc flu hosp","2022-02-26","72","quantile",0.4,6
"2022-01-31","4 wk ahead inc flu hosp","2022-02-26","72","quantile",0.45,10
"2022-01-31","4 wk ahead inc flu hosp","2022-02-26","72","quantile",0.5,15
"2022-01-31","4 wk ahead inc flu hosp","2022-02-26","72","quantile",0.55,20
"2022-01-31","4 wk ahead inc flu hosp","2022-02-26","72","quantile",0.6,25
"2022-01-31","4 wk ahead inc flu hosp","2022-02-26","72","quantile",0.65,30
"2022-01-31","4 wk ahead inc flu hosp","2022-02-26","72","quantile",0.7,36
"2022-01-31","4 wk ahead inc flu hosp","2022-02-26","72","quantile",0.75,42
"2022-01-31","4 wk ahead inc flu hosp","2022-02-26","72","quantile",0.8,49
"2022-01-31","4 wk ahead inc flu hosp","2022-02-26","72","quantile",0.85,57
"2022-01-31","4 wk ahead inc flu hosp","2022-02-26","72","quantile",0.9,67
"2022-01-31","4 wk ahead inc flu hosp","2022-02-26","72","quantile",0.95,82
"2022-01-31","4 wk ahead inc flu hosp","2022-02-26","72","quantile",0.975,95
"2022-01-31","4 wk ahead inc flu hosp","2022-02-26","72","quantile",0.99,110
"2022-01-31","1 wk ahead inc flu hosp","2022-02-05","72","point",NA,15
"2022-01-31","2 wk ahead inc flu hosp","2022-02-12","72","point",NA,15
"2022-01-31","3 wk ahead inc flu hosp","2022-02-19","72","point",NA,15
"2022-01-31","4 wk ahead inc flu hosp","2022-02-26","72","point",NA,15
"2022-01-31","1 wk ahead inc flu hosp","2022-02-05","78","quantile",0.01,0
"2022-01-31","1 wk ahead inc flu hosp","2022-02-05","78","quantile",0.025,0
"2022-01-31","1 wk ahead inc flu hosp","2022-02-05","78","quantile",0.05,0
"2022-01-31","1 wk ahead inc flu hosp","2022-02-05","78","quantile",0.1,0
"2022-01-31","1 wk ahead inc flu hosp","2022-02-05","78","quantile",0.15,0
"2022-01-31","1 wk ahead inc flu hosp","2022-02-05","78","quantile",0.2,0
"2022-01-31","1 wk ahead inc flu hosp","2022-02-05","78","quantile",0.25,0
"2022-01-31","1 wk ahead inc flu hosp","2022-02-05","78","quantile",0.3,0
"2022-01-31","1 wk ahead inc flu hosp","2022-02-05","78","quantile",0.35,0
"2022-01-31","1 wk ahead inc flu hosp","2022-02-05","78","quantile",0.4,0
"2022-01-31","1 wk ahead inc flu hosp","2022-02-05","78","quantile",0.45,0
"2022-01-31","1 wk ahead inc flu hosp","2022-02-05","78","quantile",0.5,0
"2022-01-31","1 wk ahead inc flu hosp","2022-02-05","78","quantile",0.55,0
"2022-01-31","1 wk ahead inc flu hosp","2022-02-05","78","quantile",0.6,0
"2022-01-31","1 wk ahead inc flu hosp","2022-02-05","78","quantile",0.65,0
"2022-01-31","1 wk ahead inc flu hosp","2022-02-05","78","quantile",0.7,0
"2022-01-31","1 wk ahead inc flu hosp","2022-02-05","78","quantile",0.75,0
"2022-01-31","1 wk ahead inc flu hosp","2022-02-05","78","quantile",0.8,0
"2022-01-31","1 wk ahead inc flu hosp","2022-02-05","78","quantile",0.85,0
"2022-01-31","1 wk ahead inc flu hosp","2022-02-05","78","quantile",0.9,0
"2022-01-31","1 wk ahead inc flu hosp","2022-02-05","78","quantile",0.95,0
"2022-01-31","1 wk ahead inc flu hosp","2022-02-05","78","quantile",0.975,0
"2022-01-31","1 wk ahead inc flu hosp","2022-02-05","78","quantile",0.99,0
"2022-01-31","2 wk ahead inc flu hosp","2022-02-12","78","quantile",0.01,0
"2022-01-31","2 wk ahead inc flu hosp","2022-02-12","78","quantile",0.025,0
"2022-01-31","2 wk ahead inc flu hosp","2022-02-12","78","quantile",0.05,0
"2022-01-31","2 wk ahead inc flu hosp","2022-02-12","78","quantile",0.1,0
"2022-01-31","2 wk ahead inc flu hosp","2022-02-12","78","quantile",0.15,0
"2022-01-31","2 wk ahead inc flu hosp","2022-02-12","78","quantile",0.2,0
"2022-01-31","2 wk ahead inc flu hosp","2022-02-12","78","quantile",0.25,0
"2022-01-31","2 wk ahead inc flu hosp","2022-02-12","78","quantile",0.3,0
"2022-01-31","2 wk ahead inc flu hosp","2022-02-12","78","quantile",0.35,0
"2022-01-31","2 wk ahead inc flu hosp","2022-02-12","78","quantile",0.4,0
"2022-01-31","2 wk ahead inc flu hosp","2022-02-12","78","quantile",0.45,0
"2022-01-31","2 wk ahead inc flu hosp","2022-02-12","78","quantile",0.5,0
"2022-01-31","2 wk ahead inc flu hosp","2022-02-12","78","quantile",0.55,0
"2022-01-31","2 wk ahead inc flu hosp","2022-02-12","78","quantile",0.6,0
"2022-01-31","2 wk ahead inc flu hosp","2022-02-12","78","quantile",0.65,0
"2022-01-31","2 wk ahead inc flu hosp","2022-02-12","78","quantile",0.7,0
"2022-01-31","2 wk ahead inc flu hosp","2022-02-12","78","quantile",0.75,0
"2022-01-31","2 wk ahead inc flu hosp","2022-02-12","78","quantile",0.8,0
"2022-01-31","2 wk ahead inc flu hosp","2022-02-12","78","quantile",0.85,0
"2022-01-31","2 wk ahead inc flu hosp","2022-02-12","78","quantile",0.9,0
"2022-01-31","2 wk ahead inc flu hosp","2022-02-12","78","quantile",0.95,0
"2022-01-31","2 wk ahead inc flu hosp","2022-02-12","78","quantile",0.975,0
"2022-01-31","2 wk ahead inc flu hosp","2022-02-12","78","quantile",0.99,0
"2022-01-31","3 wk ahead inc flu hosp","2022-02-19","78","quantile",0.01,0
"2022-01-31","3 wk ahead inc flu hosp","2022-02-19","78","quantile",0.025,0
"2022-01-31","3 wk ahead inc flu hosp","2022-02-19","78","quantile",0.05,0
"2022-01-31","3 wk ahead inc flu hosp","2022-02-19","78","quantile",0.1,0
"2022-01-31","3 wk ahead inc flu hosp","2022-02-19","78","quantile",0.15,0
"2022-01-31","3 wk ahead inc flu hosp","2022-02-19","78","quantile",0.2,0
"2022-01-31","3 wk ahead inc flu hosp","2022-02-19","78","quantile",0.25,0
"2022-01-31","3 wk ahead inc flu hosp","2022-02-19","78","quantile",0.3,0
"2022-01-31","3 wk ahead inc flu hosp","2022-02-19","78","quantile",0.35,0
"2022-01-31","3 wk ahead inc flu hosp","2022-02-19","78","quantile",0.4,0
"2022-01-31","3 wk ahead inc flu hosp","2022-02-19","78","quantile",0.45,0
"2022-01-31","3 wk ahead inc flu hosp","2022-02-19","78","quantile",0.5,0
"2022-01-31","3 wk ahead inc flu hosp","2022-02-19","78","quantile",0.55,0
"2022-01-31","3 wk ahead inc flu hosp","2022-02-19","78","quantile",0.6,0
"2022-01-31","3 wk ahead inc flu hosp","2022-02-19","78","quantile",0.65,0
"2022-01-31","3 wk ahead inc flu hosp","2022-02-19","78","quantile",0.7,0
"2022-01-31","3 wk ahead inc flu hosp","2022-02-19","78","quantile",0.75,0
"2022-01-31","3 wk ahead inc flu hosp","2022-02-19","78","quantile",0.8,0
"2022-01-31","3 wk ahead inc flu hosp","2022-02-19","78","quantile",0.85,0
"2022-01-31","3 wk ahead inc flu hosp","2022-02-19","78","quantile",0.9,0
"2022-01-31","3 wk ahead inc flu hosp","2022-02-19","78","quantile",0.95,0
"2022-01-31","3 wk ahead inc flu hosp","2022-02-19","78","quantile",0.975,0
"2022-01-31","3 wk ahead inc flu hosp","2022-02-19","78","quantile",0.99,0
"2022-01-31","4 wk ahead inc flu hosp","2022-02-26","78","quantile",0.01,0
"2022-01-31","4 wk ahead inc flu hosp","2022-02-26","78","quantile",0.025,0
"2022-01-31","4 wk ahead inc flu hosp","2022-02-26","78","quantile",0.05,0
"2022-01-31","4 wk ahead inc flu hosp","2022-02-26","78","quantile",0.1,0
"2022-01-31","4 wk ahead inc flu hosp","2022-02-26","78","quantile",0.15,0
"2022-01-31","4 wk ahead inc flu hosp","2022-02-26","78","quantile",0.2,0
"2022-01-31","4 wk ahead inc flu hosp","2022-02-26","78","quantile",0.25,0
"2022-01-31","4 wk ahead inc flu hosp","2022-02-26","78","quantile",0.3,0
"2022-01-31","4 wk ahead inc flu hosp","2022-02-26","78","quantile",0.35,0
"2022-01-31","4 wk ahead inc flu hosp","2022-02-26","78","quantile",0.4,0
"2022-01-31","4 wk ahead inc flu hosp","2022-02-26","78","quantile",0.45,0
"2022-01-31","4 wk ahead inc flu hosp","2022-02-26","78","quantile",0.5,0
"2022-01-31","4 wk ahead inc flu hosp","2022-02-26","78","quantile",0.55,0
"2022-01-31","4 wk ahead inc flu hosp","2022-02-26","78","quantile",0.6,0
"2022-01-31","4 wk ahead inc flu hosp","2022-02-26","78","quantile",0.65,0
"2022-01-31","4 wk ahead inc flu hosp","2022-02-26","78","quantile",0.7,0
"2022-01-31","4 wk ahead inc flu hosp","2022-02-26","78","quantile",0.75,0
"2022-01-31","4 wk ahead inc flu hosp","2022-02-26","78","quantile",0.8,0
"2022-01-31","4 wk ahead inc flu hosp","2022-02-26","78","quantile",0.85,0
"2022-01-31","4 wk ahead inc flu hosp","2022-02-26","78","quantile",0.9,0
"2022-01-31","4 wk ahead inc flu hosp","2022-02-26","78","quantile",0.95,0
"2022-01-31","4 wk ahead inc flu hosp","2022-02-26","78","quantile",0.975,0
"2022-01-31","4 wk ahead inc flu hosp","2022-02-26","78","quantile",0.99,0
"2022-01-31","1 wk ahead inc flu hosp","2022-02-05","78","point",NA,0
"2022-01-31","2 wk ahead inc flu hosp","2022-02-12","78","point",NA,0
"2022-01-31","3 wk ahead inc flu hosp","2022-02-19","78","point",NA,0
"2022-01-31","4 wk ahead inc flu hosp","2022-02-26","78","point",NA,0
